# Single SKU Max Power Table (unit is 1 dBm)                                                        
# 2.4G Channel CCK    OFDM        VHT20          VHT40          TxStreamCapability_Delta   TxSpatialStream_Delta                    
Band: 2.4G CCK_1M CCK_2M CCK_5.5M CCK_11M OFDM_6M OFDM_9M OFDM_12M OFDM_18M OFDM_24M OFDM_36M OFDM_48M OFDM_54M VHT20_MCS0 VHT20_MCS1 VHT20_MCS2 VHT20_MCS3 VHT20_MCS4 VHT20_MCS5 VHT20_MCS6 VHT20_MCS7 VHT20_MCS8 VHT20_MCS9 VHT40_MCS0 VHT40_MCS1 VHT40_MCS2 VHT40_MCS3 VHT40_MCS4 VHT40_MCS5 VHT40_MCS6 VHT40_MCS7 VHT40_MCS8 VHT40_MCS9 Txstream_3T Txstream_2T Txstream_1T Txstream_1SS Txstream_2SS Txstream_3SS Txstream_4SS                 
Ch1 21  21  21  21  21  18 18 21 21  20  18  18 16 16 20 20  20  18  18 16 16 0 0 0 0 0 0 0                 
Ch2 21  21  21  21  21  18 18 21 21  20  18  18 16 16 20 20  20  18  18 16 16 0 0 0 0 0 0 0                 
Ch3 21  21  21  21  21  18 18 21 21  20  18  18 16 16 20 20  20  18  18 16 16 0 0 0 0 0 0 0                 
Ch4 21  21  21  21  21  18 18 21 21  20  18  18 16 16 20 20  20  18  18 16 16 0 0 0 0 0 0 0                 
Ch5 21  21  21  21  21  18 18 21 21  20  18  18 16 16 20 20  20  18  18 16 16 0 0 0 0 0 0 0                 
Ch6 21  21  21  21  21  18 18 21 21  20  18  18 16 16 20 20  20  18  18 16 16 0 0 0 0 0 0 0                 
Ch7 21  21  21  21  21  18 18 21 21  20  18  18 16 16 20 20  20  18  18 16 16 0 0 0 0 0 0 0                 
Ch8 21  21  21  21  21  18 18 21 21  20  18  18 16 16 20 20  20  18  18 16 16 0 0 0 0 0 0 0                 
Ch9 21  21  21  21  21  18 18 21 21  20  18  18 16 16 20 20  20  18  18 16 16 0 0 0 0 0 0 0                 
Ch10 21  21  21  21  21  18 18 21 21  20  18  18 16 16 20 20  20  18  18 16 16 0 0 0 0 0 0 0                 
Ch11 21  21  21  21  21  18 18 21 21  20  18  18 16 16 20 20  20  18  18 16 16 0 0 0 0 0 0 0                 
Ch12 21  21  21  21  21  18 18 21 21  20  18  18 16 16 20 20  20  18  18 16 16 0 0 0 0 0 0 0                 
Ch13 21  21  21  21  21  18 18 21 21  20  18  18 16 16 20 20  20  18  18 16 16 0 0 0 0 0 0 0                 
Ch14 21  21  21  21  21  18 18 21 21  20  18  18 16 16 20 20  20  18  18 16 16 0 0 0 0 0 0 0                 
                                                        
# 5G Channel OFDM        VHT20          VHT40          VHT80          VHT160          Txstream_Delta   TxSpatialStream_Delta    
Band: 5G OFDM_6M OFDM_9M OFDM_12M OFDM_18M OFDM_24M OFDM_36M OFDM_48M OFDM_54M VHT20_MCS0 VHT20_MCS1 VHT20_MCS2 VHT20_MCS3 VHT20_MCS4 VHT20_MCS5 VHT20_MCS6 VHT20_MCS7 VHT20_MCS8 VHT20_MCS9 VHT40_MCS0 VHT40_MCS1 VHT40_MCS2 VHT40_MCS3 VHT40_MCS4 VHT40_MCS5 VHT40_MCS6 VHT40_MCS7 VHT40_MCS8 VHT40_MCS9 VHT80_MCS0 VHT80_MCS1 VHT80_MCS2 VHT80_MCS3 VHT80_MCS4 VHT80_MCS5 VHT80_MCS6 VHT80_MCS7 VHT80_MCS8 VHT80_MCS9 VHT160_MCS0 VHT160_MCS1 VHT160_MCS2 VHT160_MCS3 VHT160_MCS4 VHT160_MCS5 VHT160_MCS6 VHT160_MCS7 VHT160_MCS8 VHT160_MCS9 Txstream_3T Txstream_2T Txstream_1T Txstream_1SS Txstream_2SS Txstream_3SS Txstream_4SS 
Ch184 12  12  12  12 12 12 12  12  12  12 12 12 12 12  12  12  12 12 12 12 12  12  12  12 12 12 9 9  9  9  9 9 9 0 0 0 0 0 0 0 
Ch188 12  12  12  12 12 12 12  12  12  12 12 12 12 12  12  12  12 12 12 12 12  12  12  12 12 12 9 9  9  9  9 9 9 0 0 0 0 0 0 0 
Ch192 12  12  12  12 12 12 12  12  12  12 12 12 12 12  12  12  12 12 12 12 12  12  12  12 12 12 9 9  9  9  9 9 9 0 0 0 0 0 0 0 
Ch196 12  12  12  12 12 12 12  12  12  12 12 12 12 12  12  12  12 12 12 12 12  12  12  12 12 12 9 9  9  9  9 9 9 0 0 0 0 0 0 0 
Ch8 12  12  12  12 12 12 12  12  12  12 12 12 12 12  12  12  12 12 12 12 12  12  12  12 12 12 9 9  9  9  9 9 9 0 0 0 0 0 0 0 
Ch12 12  12  12  12 12 12 12  12  12  12 12 12 12 12  12  12  12 12 12 12 12  12  12  12 12 12 9 9  9  9  9 9 9 0 0 0 0 0 0 0 
Ch16 12  12  12  12 12 12 12  12  12  12 12 12 12 12  12  12  12 12 12 12 12  12  12  12 12 12 9 9  9  9  9 9 9 0 0 0 0 0 0 0 
Ch36 23  23  22  20 20 23 23  22  20  20 19 19 23 23  22  20  20 19 19 23 23  22  20  20 19 19 23 23  22  20  20 19 19 0 0 0 0 0 0 0 
Ch40 23  23  22  20 20 23 23  22  20  20 19 19 23 23  22  20  20 19 19 23 23  22  20  20 19 19 23 23  22  20  20 19 19 0 0 0 0 0 0 0 
Ch44 23  23  22  20 20 23 23  22  20  20 19 19 23 23  22  20  20 19 19 23 23  22  20  20 19 19 23 23  22  20  20 19 19 0 0 0 0 0 0 0 
Ch48 23  23  22  20 20 23 23  22  20  20 19 19 23 23  22  20  20 19 19 23 23  22  20  20 19 19 23 23  22  20  20 19 19 0 0 0 0 0 0 0 
Ch52 21  21  21  20 20 21 21  21  20  20 19 19 21 21  21  20  20 19 19 21 21  21  20  20 19 19 21 21  21  20  20 19 19 0 0 0 0 0 0 0 
Ch56 21  21  21  20 20 21 21  21  20  20 19 19 21 21  21  20  20 19 19 21 21  21  20  20 19 19 21 21  21  20  20 19 19 0 0 0 0 0 0 0 
Ch60 21  21  21  20 20 21 21  21  20  20 19 19 21 21  21  20  20 19 19 21 21  21  20  20 19 19 21 21  21  20  20 19 19 0 0 0 0 0 0 0 
Ch64 21  21  21  20 20 21 21  21  20  20 19 19 21 21  21  20  20 19 19 21 21  21  20  20 19 19 21 21  21  20  20 19 19 0 0 0 0 0 0 0 
Ch68 21  21  21  20 20 21 21  21  20  20 19 19 21 21  21  20  20 19 19 21 21  21  20  20 19 19 21 21  21  20  20 19 19 0 0 0 0 0 0 0 
Ch72 21  21  21  20 20 21 21  21  20  20 19 19 21 21  21  20  20 19 19 21 21  21  20  20 19 19 21 21  21  20  20 19 19 0 0 0 0 0 0 0 
Ch76 21  21  21  20 20 21 21  21  20  20 19 19 21 21  21  20  20 19 19 21 21  21  20  20 19 19 21 21  21  20  20 19 19 0 0 0 0 0 0 0 
Ch80 21  21  21  20 20 21 21  21  20  20 19 19 21 21  21  20  20 19 19 21 21  21  20  20 19 19 21 21  21  20  20 19 19 0 0 0 0 0 0 0 
Ch84 21  21  21  20 20 21 21  21  20  20 19 19 21 21  21  20  20 19 19 21 21  21  20  20 19 19 21 21  21  20  20 19 19 0 0 0 0 0 0 0 
Ch88 21  21  21  20 20 21 21  21  20  20 19 19 21 21  21  20  20 19 19 21 21  21  20  20 19 19 21 21  21  20  20 19 19 0 0 0 0 0 0 0 
Ch92 21  21  21  20 20 21 21  21  20  20 19 19 21 21  21  20  20 19 19 21 21  21  20  20 19 19 21 21  21  20  20 19 19 0 0 0 0 0 0 0 
Ch96 21  21  21  20 20 21 21  21  20  20 19 19 21 21  21  20  20 19 19 21 21  21  20  20 19 19 21 21  21  20  20 19 19 0 0 0 0 0 0 0 
Ch100 21  21  21  20 20 21 21  21  20  20 19 19 21 21  21  20  20 19 19 21 21  21  20  20 19 19 21 21  21  20  20 19 19 0 0 0 0 0 0 0 
Ch104 21  21  21  20 20 21 21  21  20  20 19 19 21 21  21  20  20 19 19 21 21  21  20  20 19 19 21 21  21  20  20 19 19 0 0 0 0 0 0 0 
Ch108 21  21  21  20 20 21 21  21  20  20 19 19 21 21  21  20  20 19 19 21 21  21  20  20 19 19 21 21  21  20  20 19 19 0 0 0 0 0 0 0 
Ch112 21  21  21  20 20 21 21  21  20  20 19 19 21 21  21  20  20 19 19 21 21  21  20  20 19 19 21 21  21  20  20 19 19 0 0 0 0 0 0 0 
Ch116 21  21  21  20 20 21 21  21  20  20 19 19 21 21  21  20  20 19 19 21 21  21  20  20 19 19 21 21  21  20  20 19 19 0 0 0 0 0 0 0 
Ch120 21  21  21  20 20 21 21  21  20  20 19 19 21 21  21  20  20 19 19 21 21  21  20  20 19 19 21 21  21  20  20 19 19 0 0 0 0 0 0 0 
Ch124 21  21  21  20 20 21 21  21  20  20 19 19 21 21  21  20  20 19 19 21 21  21  20  20 19 19 21 21  21  20  20 19 19 0 0 0 0 0 0 0 
Ch128 21  21  21  20 20 21 21  21  20  20 19 19 21 21  21  20  20 19 19 21 21  21  20  20 19 19 21 21  21  20  20 19 19 0 0 0 0 0 0 0 
Ch132 21  21  21  20 20 21 21  21  20  20 19 19 21 21  21  20  20 19 19 21 21  21  20  20 19 19 21 21  21  20  20 19 19 0 0 0 0 0 0 0 
Ch136 21  21  21  20 20 21 21  21  20  20 19 19 21 21  21  20  20 19 19 21 21  21  20  20 19 19 21 21  21  20  20 19 19 0 0 0 0 0 0 0 
Ch140 21  21  21  20 20 21 21  21  20  20 19 19 21 21  21  20  20 19 19 21 21  21  20  20 19 19 21 21  21  20  20 19 19 0 0 0 0 0 0 0 
Ch144 21  21  21  20 20 21 21  21  20  20 19 19 21 21  21  20  20 19 19 21 21  21  20  20 19 19 21 21  21  20  20 19 19 0 0 0 0 0 0 0 
Ch149 23  23  22  20 20 23 23  22  20  20 19 19 23 23  22  20  20 19 19 23 23  22  20  20 19 19 23 23  22  20  20 19 19 0 0 0 0 0 0 0 
Ch153 23  23  22  20 20 23 23  22  20  20 19 19 23 23  22  20  20 19 19 23 23  22  20  20 19 19 23 23  22  20  20 19 19 0 0 0 0 0 0 0 
Ch157 23  23  22  20 20 23 23  22  20  20 19 19 23 23  22  20  20 19 19 23 23  22  20  20 19 19 23 23  22  20  20 19 19 0 0 0 0 0 0 0 
Ch161 23  23  22  20 20 23 23  22  20  20 19 19 23 23  22  20  20 19 19 23 23  22  20  20 19 19 23 23  22  20  20 19 19 0 0 0 0 0 0 0 
Ch165 23  23  22  20 20 23 23  22  20  20 19 19 23 23  22  20  20 19 19 23 23  22  20  20 19 19 23 23  22  20  20 19 19 0 0 0 0 0 0 0 
Ch169 24  24  24  24 24 24 24  24  24  24 24 24 24 24  24  24  24 24 24 24 24  24  24  24 24 24 9 9  9  9  9 9 9 0 0 0 0 0 0 0 
Ch173 24  24  24  24 24 24 24  24  24  24 24 24 24 24  24  24  24 24 24 24 24  24  24  24 24 24 9 9  9  9  9 9 9 0 0 0 0 0 0 0 
Ch177 24  24  24  24 24 24 24  24  24  24 24 24 24 24  24  24  24 24 24 24 24  24  24  24 24 24 9 9  9  9  9 9 9 0 0 0 0 0 0 0 
Ch181 24  24  24  24 24 24 24  24  24  24 24 24 24 24  24  24  24 24 24 24 24  24  24  24 24 24 9 9  9  9  9 9 9 0 0 0 0 0 0 0 
