# SKU Power Limit Table (unit is 0.5 dBm),,,,,,,,,,,,,,,,,,,,,,,,,,,,,,,,,,,,,,,,,,,,,,,,,,,,,,,,,,,,,,,,,,,,,,,,,,,,,,,,,,,,,,,,,,,,,,,,,,,,,,,,,,,,,,,,,,,,,,,,,,,,,,,,,,,,,,,,,,,,,,,,,
# 2.4G Channel,CCK,,,,OFDM,,,,,,,,BW20 (HT/VHT),,,,,,,,,,,,BW40 (HT/VHT),,,,,,,,,,,,,BW80 (HT/VHT),,,,,,,,,,,,BW160 (HT/VHT),,,,,,,,,,,,RU26,,,,,,,,,,,,RU52,,,,,,,,,,,,RU106,,,,,,,,,,,,RU242,,,,,,,,,,,,RU484,,,,,,,,,,,,RU996,,,,,,,,,,,,RU996X2,,,,,,,,,,,
Band: 2.4G,CCK_1M,CCK_2M,CCK_5.5M,CCK_11M,OFDM_6M,OFDM_9M,OFDM_12M,OFDM_18M,OFDM_24M,OFDM36M,OFDM_48M,OFDM_54M,M0,M1,M2,M3,M4,M5,M6,M7,M8,M9,M10,M11,M0,M1,M2,M3,M4,M5,M6,M7,M8,M9,M10,M11,HT40_MCS32,M0,M1,M2,M3,M4,M5,M6,M7,M8,M9,M10,M11,M0,M1,M2,M3,M4,M5,M6,M7,M8,M9,M10,M11,M0,M1,M2,M3,M4,M5,M6,M7,M8,M9,M10,M11,M0,M1,M2,M3,M4,M5,M6,M7,M8,M9,M10,M11,M0,M1,M2,M3,M4,M5,M6,M7,M8,M9,M10,M11,M0,M1,M2,M3,M4,M5,M6,M7,M8,M9,M10,M11,M0,M1,M2,M3,M4,M5,M6,M7,M8,M9,M10,M11,M0,M1,M2,M3,M4,M5,M6,M7,M8,M9,M10,M11,M0,M1,M2,M3,M4,M5,M6,M7,M8,M9,M10,M11
Ch1,13,13,13,13,14,14,14,14,14,14,14,14,14,14,14,14,14,14,14,14,14,14,14,14,14,14,14,14,14,14,14,14,14,14,14,14,14,14,14,14,14,14,14,14,14,14,14,14,14,14,14,14,14,14,14,14,14,14,14,14,14,14,14,14,14,14,14,14,14,14,14,14,14,14,14,14,14,14,14,14,14,14,14,14,14,14,14,14,14,14,14,14,14,14,14,14,14,14,14,14,14,14,14,14,14,14,14,14,14,14,14,14,14,14,14,14,14,14,14,14,14,14,14,14,14,14,14,14,14,14,14,14,14,14,14,14,14,14,14,14,14,14,14,14,14
Ch2,13,13,13,13,14,14,14,14,14,14,14,14,14,14,14,14,14,14,14,14,14,14,14,14,14,14,14,14,14,14,14,14,14,14,14,14,14,14,14,14,14,14,14,14,14,14,14,14,14,14,14,14,14,14,14,14,14,14,14,14,14,14,14,14,14,14,14,14,14,14,14,14,14,14,14,14,14,14,14,14,14,14,14,14,14,14,14,14,14,14,14,14,14,14,14,14,14,14,14,14,14,14,14,14,14,14,14,14,14,14,14,14,14,14,14,14,14,14,14,14,14,14,14,14,14,14,14,14,14,14,14,14,14,14,14,14,14,14,14,14,14,14,14,14,14
Ch3,13,13,13,13,14,14,14,14,14,14,14,14,14,14,14,14,14,14,14,14,14,14,14,14,14,14,14,14,14,14,14,14,14,14,14,14,14,14,14,14,14,14,14,14,14,14,14,14,14,14,14,14,14,14,14,14,14,14,14,14,14,14,14,14,14,14,14,14,14,14,14,14,14,14,14,14,14,14,14,14,14,14,14,14,14,14,14,14,14,14,14,14,14,14,14,14,14,14,14,14,14,14,14,14,14,14,14,14,14,14,14,14,14,14,14,14,14,14,14,14,14,14,14,14,14,14,14,14,14,14,14,14,14,14,14,14,14,14,14,14,14,14,14,14,14
Ch4,13,13,13,13,14,14,14,14,14,14,14,14,14,14,14,14,14,14,14,14,14,14,14,14,14,14,14,14,14,14,14,14,14,14,14,14,14,14,14,14,14,14,14,14,14,14,14,14,14,14,14,14,14,14,14,14,14,14,14,14,14,14,14,14,14,14,14,14,14,14,14,14,14,14,14,14,14,14,14,14,14,14,14,14,14,14,14,14,14,14,14,14,14,14,14,14,14,14,14,14,14,14,14,14,14,14,14,14,14,14,14,14,14,14,14,14,14,14,14,14,14,14,14,14,14,14,14,14,14,14,14,14,14,14,14,14,14,14,14,14,14,14,14,14,14
Ch5,13,13,13,13,14,14,14,14,14,14,14,14,14,14,14,14,14,14,14,14,14,14,14,14,14,14,14,14,14,14,14,14,14,14,14,14,14,14,14,14,14,14,14,14,14,14,14,14,14,14,14,14,14,14,14,14,14,14,14,14,14,14,14,14,14,14,14,14,14,14,14,14,14,14,14,14,14,14,14,14,14,14,14,14,14,14,14,14,14,14,14,14,14,14,14,14,14,14,14,14,14,14,14,14,14,14,14,14,14,14,14,14,14,14,14,14,14,14,14,14,14,14,14,14,14,14,14,14,14,14,14,14,14,14,14,14,14,14,14,14,14,14,14,14,14
Ch6,13,13,13,13,14,14,14,14,14,14,14,14,14,14,14,14,14,14,14,14,14,14,14,14,14,14,14,14,14,14,14,14,14,14,14,14,14,14,14,14,14,14,14,14,14,14,14,14,14,14,14,14,14,14,14,14,14,14,14,14,14,14,14,14,14,14,14,14,14,14,14,14,14,14,14,14,14,14,14,14,14,14,14,14,14,14,14,14,14,14,14,14,14,14,14,14,14,14,14,14,14,14,14,14,14,14,14,14,14,14,14,14,14,14,14,14,14,14,14,14,14,14,14,14,14,14,14,14,14,14,14,14,14,14,14,14,14,14,14,14,14,14,14,14,14
Ch7,13,13,13,13,14,14,14,14,14,14,14,14,14,14,14,14,14,14,14,14,14,14,14,14,14,14,14,14,14,14,14,14,14,14,14,14,14,14,14,14,14,14,14,14,14,14,14,14,14,14,14,14,14,14,14,14,14,14,14,14,14,14,14,14,14,14,14,14,14,14,14,14,14,14,14,14,14,14,14,14,14,14,14,14,14,14,14,14,14,14,14,14,14,14,14,14,14,14,14,14,14,14,14,14,14,14,14,14,14,14,14,14,14,14,14,14,14,14,14,14,14,14,14,14,14,14,14,14,14,14,14,14,14,14,14,14,14,14,14,14,14,14,14,14,14
Ch8,13,13,13,13,14,14,14,14,14,14,14,14,14,14,14,14,14,14,14,14,14,14,14,14,14,14,14,14,14,14,14,14,14,14,14,14,14,14,14,14,14,14,14,14,14,14,14,14,14,14,14,14,14,14,14,14,14,14,14,14,14,14,14,14,14,14,14,14,14,14,14,14,14,14,14,14,14,14,14,14,14,14,14,14,14,14,14,14,14,14,14,14,14,14,14,14,14,14,14,14,14,14,14,14,14,14,14,14,14,14,14,14,14,14,14,14,14,14,14,14,14,14,14,14,14,14,14,14,14,14,14,14,14,14,14,14,14,14,14,14,14,14,14,14,14
Ch9,13,13,13,13,14,14,14,14,14,14,14,14,14,14,14,14,14,14,14,14,14,14,14,14,14,14,14,14,14,14,14,14,14,14,14,14,14,14,14,14,14,14,14,14,14,14,14,14,14,14,14,14,14,14,14,14,14,14,14,14,14,14,14,14,14,14,14,14,14,14,14,14,14,14,14,14,14,14,14,14,14,14,14,14,14,14,14,14,14,14,14,14,14,14,14,14,14,14,14,14,14,14,14,14,14,14,14,14,14,14,14,14,14,14,14,14,14,14,14,14,14,14,14,14,14,14,14,14,14,14,14,14,14,14,14,14,14,14,14,14,14,14,14,14,14
Ch10,13,13,13,13,14,14,14,14,14,14,14,14,14,14,14,14,14,14,14,14,14,14,14,14,14,14,14,14,14,14,14,14,14,14,14,14,14,14,14,14,14,14,14,14,14,14,14,14,14,14,14,14,14,14,14,14,14,14,14,14,14,14,14,14,14,14,14,14,14,14,14,14,14,14,14,14,14,14,14,14,14,14,14,14,14,14,14,14,14,14,14,14,14,14,14,14,14,14,14,14,14,14,14,14,14,14,14,14,14,14,14,14,14,14,14,14,14,14,14,14,14,14,14,14,14,14,14,14,14,14,14,14,14,14,14,14,14,14,14,14,14,14,14,14,14
Ch11,13,13,13,13,14,14,14,14,14,14,14,14,14,14,14,14,14,14,14,14,14,14,14,14,14,14,14,14,14,14,14,14,14,14,14,14,14,14,14,14,14,14,14,14,14,14,14,14,14,14,14,14,14,14,14,14,14,14,14,14,14,14,14,14,14,14,14,14,14,14,14,14,14,14,14,14,14,14,14,14,14,14,14,14,14,14,14,14,14,14,14,14,14,14,14,14,14,14,14,14,14,14,14,14,14,14,14,14,14,14,14,14,14,14,14,14,14,14,14,14,14,14,14,14,14,14,14,14,14,14,14,14,14,14,14,14,14,14,14,14,14,14,14,14,14
Ch12,13,13,13,13,14,14,14,14,14,14,14,14,14,14,14,14,14,14,14,14,14,14,14,14,14,14,14,14,14,14,14,14,14,14,14,14,14,14,14,14,14,14,14,14,14,14,14,14,14,14,14,14,14,14,14,14,14,14,14,14,14,14,14,14,14,14,14,14,14,14,14,14,14,14,14,14,14,14,14,14,14,14,14,14,14,14,14,14,14,14,14,14,14,14,14,14,14,14,14,14,14,14,14,14,14,14,14,14,14,14,14,14,14,14,14,14,14,14,14,14,14,14,14,14,14,14,14,14,14,14,14,14,14,14,14,14,14,14,14,14,14,14,14,14,14
Ch13,13,13,13,13,14,14,14,14,14,14,14,14,14,14,14,14,14,14,14,14,14,14,14,14,14,14,14,14,14,14,14,14,14,14,14,14,14,14,14,14,14,14,14,14,14,14,14,14,14,14,14,14,14,14,14,14,14,14,14,14,14,14,14,14,14,14,14,14,14,14,14,14,14,14,14,14,14,14,14,14,14,14,14,14,14,14,14,14,14,14,14,14,14,14,14,14,14,14,14,14,14,14,14,14,14,14,14,14,14,14,14,14,14,14,14,14,14,14,14,14,14,14,14,14,14,14,14,14,14,14,14,14,14,14,14,14,14,14,14,14,14,14,14,14,14
Ch14,13,13,13,13,14,14,14,14,14,14,14,14,14,14,14,14,14,14,14,14,14,14,14,14,14,14,14,14,14,14,14,14,14,14,14,14,14,14,14,14,14,14,14,14,14,14,14,14,14,14,14,14,14,14,14,14,14,14,14,14,14,14,14,14,14,14,14,14,14,14,14,14,14,14,14,14,14,14,14,14,14,14,14,14,14,14,14,14,14,14,14,14,14,14,14,14,14,14,14,14,14,14,14,14,14,14,14,14,14,14,14,14,14,14,14,14,14,14,14,14,14,14,14,14,14,14,14,14,14,14,14,14,14,14,14,14,14,14,14,14,14,14,14,14,14
,,,,,,,,,,,,,,,,,,,,,,,,,,,,,,,,,,,,,,,,,,,,,,,,,,,,,,,,,,,,,,,,,,,,,,,,,,,,,,,,,,,,,,,,,,,,,,,,,,,,,,,,,,,,,,,,,,,,,,,,,,,,,,,,,,,,,,,,,,,,,,,,,
# 5G Channel,CCK,,,,OFDM,,,,,,,,BW20 (HT/VHT),,,,,,,,,,,,BW40 (HT/VHT),,,,,,,,,,,,,BW80 (HT/VHT),,,,,,,,,,,,BW160 (HT/VHT),,,,,,,,,,,,RU26,,,,,,,,,,,,RU52,,,,,,,,,,,,RU106,,,,,,,,,,,,RU242,,,,,,,,,,,,RU484,,,,,,,,,,,,RU996,,,,,,,,,,,,RU996X2,,,,,,,,,,,
Band: 5G,CCK_1M,CCK_2M,CCK_5.5M,CCK_11M,OFDM_6M,OFDM_9M,OFDM_12M,OFDM_18M,OFDM_24M,OFDM36M,OFDM_48M,OFDM_54M,M0,M1,M2,M3,M4,M5,M6,M7,M8,M9,M10,M11,M0,M1,M2,M3,M4,M5,M6,M7,M8,M9,M10,M11,HT40_MCS32,M0,M1,M2,M3,M4,M5,M6,M7,M8,M9,M10,M11,M0,M1,M2,M3,M4,M5,M6,M7,M8,M9,M10,M11,M0,M1,M2,M3,M4,M5,M6,M7,M8,M9,M10,M11,M0,M1,M2,M3,M4,M5,M6,M7,M8,M9,M10,M11,M0,M1,M2,M3,M4,M5,M6,M7,M8,M9,M10,M11,M0,M1,M2,M3,M4,M5,M6,M7,M8,M9,M10,M11,M0,M1,M2,M3,M4,M5,M6,M7,M8,M9,M10,M11,M0,M1,M2,M3,M4,M5,M6,M7,M8,M9,M10,M11,M0,M1,M2,M3,M4,M5,M6,M7,M8,M9,M10,M11
Ch184,15.5,15.5,15.5,15.5,15.5,15.5,15.5,15.5,15.5,15.5,15.5,15.5,15.5,15.5,15.5,15.5,15.5,15.5,15.5,15.5,15.5,15.5,15.5,15.5,16.5,16.5,16.5,16.5,16.5,16.5,16.5,16.5,16.5,16.5,16.5,16.5,16.5,16.5,16.5,16.5,16.5,16.5,16.5,16.5,16.5,16.5,16.5,16.5,16.5,16.5,16.5,16.5,16.5,16.5,16.5,16.5,16.5,16.5,16.5,16.5,16.5,16.5,16.5,16.5,16.5,16.5,16.5,16.5,16.5,16.5,16.5,16.5,16.5,16.5,16.5,16.5,16.5,16.5,16.5,16.5,16.5,16.5,16.5,16.5,16.5,16.5,16.5,16.5,16.5,16.5,16.5,16.5,16.5,16.5,16.5,16.5,16.5,16,16,16,16,16,16,16,16,16,16,16,16,16.5,16.5,16.5,16.5,16.5,16.5,16.5,16.5,16.5,16.5,16.5,16.5,16.5,16.5,16.5,16.5,16.5,16.5,16.5,16.5,16.5,16.5,16.5,16.5,16.5,16.5,16.5,16.5,16.5,16.5,16.5,16.5,16.5,16.5,16.5,16.5
Ch188,15.5,15.5,15.5,15.5,15.5,15.5,15.5,15.5,15.5,15.5,15.5,15.5,15.5,15.5,15.5,15.5,15.5,15.5,15.5,15.5,15.5,15.5,15.5,15.5,16.5,16.5,16.5,16.5,16.5,16.5,16.5,16.5,16.5,16.5,16.5,16.5,16.5,16.5,16.5,16.5,16.5,16.5,16.5,16.5,16.5,16.5,16.5,16.5,16.5,16.5,16.5,16.5,16.5,16.5,16.5,16.5,16.5,16.5,16.5,16.5,16.5,16.5,16.5,16.5,16.5,16.5,16.5,16.5,16.5,16.5,16.5,16.5,16.5,16.5,16.5,16.5,16.5,16.5,16.5,16.5,16.5,16.5,16.5,16.5,16.5,16.5,16.5,16.5,16.5,16.5,16.5,16.5,16.5,16.5,16.5,16.5,16.5,16,16,16,16,16,16,16,16,16,16,16,16,16.5,16.5,16.5,16.5,16.5,16.5,16.5,16.5,16.5,16.5,16.5,16.5,16.5,16.5,16.5,16.5,16.5,16.5,16.5,16.5,16.5,16.5,16.5,16.5,16.5,16.5,16.5,16.5,16.5,16.5,16.5,16.5,16.5,16.5,16.5,16.5
Ch192,15.5,15.5,15.5,15.5,15.5,15.5,15.5,15.5,15.5,15.5,15.5,15.5,15.5,15.5,15.5,15.5,15.5,15.5,15.5,15.5,15.5,15.5,15.5,15.5,16.5,16.5,16.5,16.5,16.5,16.5,16.5,16.5,16.5,16.5,16.5,16.5,16.5,16.5,16.5,16.5,16.5,16.5,16.5,16.5,16.5,16.5,16.5,16.5,16.5,16.5,16.5,16.5,16.5,16.5,16.5,16.5,16.5,16.5,16.5,16.5,16.5,16.5,16.5,16.5,16.5,16.5,16.5,16.5,16.5,16.5,16.5,16.5,16.5,16.5,16.5,16.5,16.5,16.5,16.5,16.5,16.5,16.5,16.5,16.5,16.5,16.5,16.5,16.5,16.5,16.5,16.5,16.5,16.5,16.5,16.5,16.5,16.5,16,16,16,16,16,16,16,16,16,16,16,16,16.5,16.5,16.5,16.5,16.5,16.5,16.5,16.5,16.5,16.5,16.5,16.5,16.5,16.5,16.5,16.5,16.5,16.5,16.5,16.5,16.5,16.5,16.5,16.5,16.5,16.5,16.5,16.5,16.5,16.5,16.5,16.5,16.5,16.5,16.5,16.5
Ch196,15.5,15.5,15.5,15.5,15.5,15.5,15.5,15.5,15.5,15.5,15.5,15.5,15.5,15.5,15.5,15.5,15.5,15.5,15.5,15.5,15.5,15.5,15.5,15.5,16.5,16.5,16.5,16.5,16.5,16.5,16.5,16.5,16.5,16.5,16.5,16.5,16.5,16.5,16.5,16.5,16.5,16.5,16.5,16.5,16.5,16.5,16.5,16.5,16.5,16.5,16.5,16.5,16.5,16.5,16.5,16.5,16.5,16.5,16.5,16.5,16.5,16.5,16.5,16.5,16.5,16.5,16.5,16.5,16.5,16.5,16.5,16.5,16.5,16.5,16.5,16.5,16.5,16.5,16.5,16.5,16.5,16.5,16.5,16.5,16.5,16.5,16.5,16.5,16.5,16.5,16.5,16.5,16.5,16.5,16.5,16.5,16.5,16,16,16,16,16,16,16,16,16,16,16,16,16.5,16.5,16.5,16.5,16.5,16.5,16.5,16.5,16.5,16.5,16.5,16.5,16.5,16.5,16.5,16.5,16.5,16.5,16.5,16.5,16.5,16.5,16.5,16.5,16.5,16.5,16.5,16.5,16.5,16.5,16.5,16.5,16.5,16.5,16.5,16.5
Ch8,15.5,15.5,15.5,15.5,15.5,15.5,15.5,15.5,15.5,15.5,15.5,15.5,15.5,15.5,15.5,15.5,15.5,15.5,15.5,15.5,15.5,15.5,15.5,15.5,16.5,16.5,16.5,16.5,16.5,16.5,16.5,16.5,16.5,16.5,16.5,16.5,16.5,16.5,16.5,16.5,16.5,16.5,16.5,16.5,16.5,16.5,16.5,16.5,16.5,16.5,16.5,16.5,16.5,16.5,16.5,16.5,16.5,16.5,16.5,16.5,16.5,16.5,16.5,16.5,16.5,16.5,16.5,16.5,16.5,16.5,16.5,16.5,16.5,16.5,16.5,16.5,16.5,16.5,16.5,16.5,16.5,16.5,16.5,16.5,16.5,16.5,16.5,16.5,16.5,16.5,16.5,16.5,16.5,16.5,16.5,16.5,16.5,16,16,16,16,16,16,16,16,16,16,16,16,16.5,16.5,16.5,16.5,16.5,16.5,16.5,16.5,16.5,16.5,16.5,16.5,16.5,16.5,16.5,16.5,16.5,16.5,16.5,16.5,16.5,16.5,16.5,16.5,16.5,16.5,16.5,16.5,16.5,16.5,16.5,16.5,16.5,16.5,16.5,16.5
Ch12,15.5,15.5,15.5,15.5,15.5,15.5,15.5,15.5,15.5,15.5,15.5,15.5,15.5,15.5,15.5,15.5,15.5,15.5,15.5,15.5,15.5,15.5,15.5,15.5,16.5,16.5,16.5,16.5,16.5,16.5,16.5,16.5,16.5,16.5,16.5,16.5,16.5,16.5,16.5,16.5,16.5,16.5,16.5,16.5,16.5,16.5,16.5,16.5,16.5,16.5,16.5,16.5,16.5,16.5,16.5,16.5,16.5,16.5,16.5,16.5,16.5,16.5,16.5,16.5,16.5,16.5,16.5,16.5,16.5,16.5,16.5,16.5,16.5,16.5,16.5,16.5,16.5,16.5,16.5,16.5,16.5,16.5,16.5,16.5,16.5,16.5,16.5,16.5,16.5,16.5,16.5,16.5,16.5,16.5,16.5,16.5,16.5,16,16,16,16,16,16,16,16,16,16,16,16,16.5,16.5,16.5,16.5,16.5,16.5,16.5,16.5,16.5,16.5,16.5,16.5,16.5,16.5,16.5,16.5,16.5,16.5,16.5,16.5,16.5,16.5,16.5,16.5,16.5,16.5,16.5,16.5,16.5,16.5,16.5,16.5,16.5,16.5,16.5,16.5
Ch16,15.5,15.5,15.5,15.5,15.5,15.5,15.5,15.5,15.5,15.5,15.5,15.5,15.5,15.5,15.5,15.5,15.5,15.5,15.5,15.5,15.5,15.5,15.5,15.5,16.5,16.5,16.5,16.5,16.5,16.5,16.5,16.5,16.5,16.5,16.5,16.5,16.5,16.5,16.5,16.5,16.5,16.5,16.5,16.5,16.5,16.5,16.5,16.5,16.5,16.5,16.5,16.5,16.5,16.5,16.5,16.5,16.5,16.5,16.5,16.5,16.5,16.5,16.5,16.5,16.5,16.5,16.5,16.5,16.5,16.5,16.5,16.5,16.5,16.5,16.5,16.5,16.5,16.5,16.5,16.5,16.5,16.5,16.5,16.5,16.5,16.5,16.5,16.5,16.5,16.5,16.5,16.5,16.5,16.5,16.5,16.5,16.5,16,16,16,16,16,16,16,16,16,16,16,16,16.5,16.5,16.5,16.5,16.5,16.5,16.5,16.5,16.5,16.5,16.5,16.5,16.5,16.5,16.5,16.5,16.5,16.5,16.5,16.5,16.5,16.5,16.5,16.5,16.5,16.5,16.5,16.5,16.5,16.5,16.5,16.5,16.5,16.5,16.5,16.5
Ch36,15.5,15.5,15.5,15.5,15.5,15.5,15.5,15.5,15.5,15.5,15.5,15.5,15.5,15.5,15.5,15.5,15.5,15.5,15.5,15.5,15.5,15.5,15.5,15.5,16.5,16.5,16.5,16.5,16.5,16.5,16.5,16.5,16.5,16.5,16.5,16.5,16.5,16.5,16.5,16.5,16.5,16.5,16.5,16.5,16.5,16.5,16.5,16.5,16.5,16.5,16.5,16.5,16.5,16.5,16.5,16.5,16.5,16.5,16.5,16.5,16.5,16.5,16.5,16.5,16.5,16.5,16.5,16.5,16.5,16.5,16.5,16.5,16.5,16.5,16.5,16.5,16.5,16.5,16.5,16.5,16.5,16.5,16.5,16.5,16.5,16.5,16.5,16.5,16.5,16.5,16.5,16.5,16.5,16.5,16.5,16.5,16.5,16,16,16,16,16,16,16,16,16,16,16,16,16.5,16.5,16.5,16.5,16.5,16.5,16.5,16.5,16.5,16.5,16.5,16.5,16.5,16.5,16.5,16.5,16.5,16.5,16.5,16.5,16.5,16.5,16.5,16.5,16.5,16.5,16.5,16.5,16.5,16.5,16.5,16.5,16.5,16.5,16.5,16.5
Ch40,15.5,15.5,15.5,15.5,15.5,15.5,15.5,15.5,15.5,15.5,15.5,15.5,15.5,15.5,15.5,15.5,15.5,15.5,15.5,15.5,15.5,15.5,15.5,15.5,16.5,16.5,16.5,16.5,16.5,16.5,16.5,16.5,16.5,16.5,16.5,16.5,16.5,16.5,16.5,16.5,16.5,16.5,16.5,16.5,16.5,16.5,16.5,16.5,16.5,16.5,16.5,16.5,16.5,16.5,16.5,16.5,16.5,16.5,16.5,16.5,16.5,16.5,16.5,16.5,16.5,16.5,16.5,16.5,16.5,16.5,16.5,16.5,16.5,16.5,16.5,16.5,16.5,16.5,16.5,16.5,16.5,16.5,16.5,16.5,16.5,16.5,16.5,16.5,16.5,16.5,16.5,16.5,16.5,16.5,16.5,16.5,16.5,16,16,16,16,16,16,16,16,16,16,16,16,16.5,16.5,16.5,16.5,16.5,16.5,16.5,16.5,16.5,16.5,16.5,16.5,16.5,16.5,16.5,16.5,16.5,16.5,16.5,16.5,16.5,16.5,16.5,16.5,16.5,16.5,16.5,16.5,16.5,16.5,16.5,16.5,16.5,16.5,16.5,16.5
Ch44,15.5,15.5,15.5,15.5,15.5,15.5,15.5,15.5,15.5,15.5,15.5,15.5,15.5,15.5,15.5,15.5,15.5,15.5,15.5,15.5,15.5,15.5,15.5,15.5,16.5,16.5,16.5,16.5,16.5,16.5,16.5,16.5,16.5,16.5,16.5,16.5,16.5,16.5,16.5,16.5,16.5,16.5,16.5,16.5,16.5,16.5,16.5,16.5,16.5,16.5,16.5,16.5,16.5,16.5,16.5,16.5,16.5,16.5,16.5,16.5,16.5,16.5,16.5,16.5,16.5,16.5,16.5,16.5,16.5,16.5,16.5,16.5,16.5,16.5,16.5,16.5,16.5,16.5,16.5,16.5,16.5,16.5,16.5,16.5,16.5,16.5,16.5,16.5,16.5,16.5,16.5,16.5,16.5,16.5,16.5,16.5,16.5,16,16,16,16,16,16,16,16,16,16,16,16,16.5,16.5,16.5,16.5,16.5,16.5,16.5,16.5,16.5,16.5,16.5,16.5,16.5,16.5,16.5,16.5,16.5,16.5,16.5,16.5,16.5,16.5,16.5,16.5,16.5,16.5,16.5,16.5,16.5,16.5,16.5,16.5,16.5,16.5,16.5,16.5
Ch48,15.5,15.5,15.5,15.5,15.5,15.5,15.5,15.5,15.5,15.5,15.5,15.5,15.5,15.5,15.5,15.5,15.5,15.5,15.5,15.5,15.5,15.5,15.5,15.5,16.5,16.5,16.5,16.5,16.5,16.5,16.5,16.5,16.5,16.5,16.5,16.5,16.5,16.5,16.5,16.5,16.5,16.5,16.5,16.5,16.5,16.5,16.5,16.5,16.5,16.5,16.5,16.5,16.5,16.5,16.5,16.5,16.5,16.5,16.5,16.5,16.5,16.5,16.5,16.5,16.5,16.5,16.5,16.5,16.5,16.5,16.5,16.5,16.5,16.5,16.5,16.5,16.5,16.5,16.5,16.5,16.5,16.5,16.5,16.5,16.5,16.5,16.5,16.5,16.5,16.5,16.5,16.5,16.5,16.5,16.5,16.5,16.5,16,16,16,16,16,16,16,16,16,16,16,16,16.5,16.5,16.5,16.5,16.5,16.5,16.5,16.5,16.5,16.5,16.5,16.5,16.5,16.5,16.5,16.5,16.5,16.5,16.5,16.5,16.5,16.5,16.5,16.5,16.5,16.5,16.5,16.5,16.5,16.5,16.5,16.5,16.5,16.5,16.5,16.5
Ch52,15.5,15.5,15.5,15.5,15.5,15.5,15.5,15.5,15.5,15.5,15.5,15.5,15.5,15.5,15.5,15.5,15.5,15.5,15.5,15.5,15.5,15.5,15.5,15.5,16.5,16.5,16.5,16.5,16.5,16.5,16.5,16.5,16.5,16.5,16.5,16.5,16.5,16.5,16.5,16.5,16.5,16.5,16.5,16.5,16.5,16.5,16.5,16.5,16.5,16.5,16.5,16.5,16.5,16.5,16.5,16.5,16.5,16.5,16.5,16.5,16.5,16.5,16.5,16.5,16.5,16.5,16.5,16.5,16.5,16.5,16.5,16.5,16.5,16.5,16.5,16.5,16.5,16.5,16.5,16.5,16.5,16.5,16.5,16.5,16.5,16.5,16.5,16.5,16.5,16.5,16.5,16.5,16.5,16.5,16.5,16.5,16.5,16,16,16,16,16,16,16,16,16,16,16,16,16.5,16.5,16.5,16.5,16.5,16.5,16.5,16.5,16.5,16.5,16.5,16.5,16.5,16.5,16.5,16.5,16.5,16.5,16.5,16.5,16.5,16.5,16.5,16.5,16.5,16.5,16.5,16.5,16.5,16.5,16.5,16.5,16.5,16.5,16.5,16.5
Ch56,15.5,15.5,15.5,15.5,15.5,15.5,15.5,15.5,15.5,15.5,15.5,15.5,15.5,15.5,15.5,15.5,15.5,15.5,15.5,15.5,15.5,15.5,15.5,15.5,16.5,16.5,16.5,16.5,16.5,16.5,16.5,16.5,16.5,16.5,16.5,16.5,16.5,16.5,16.5,16.5,16.5,16.5,16.5,16.5,16.5,16.5,16.5,16.5,16.5,16.5,16.5,16.5,16.5,16.5,16.5,16.5,16.5,16.5,16.5,16.5,16.5,16.5,16.5,16.5,16.5,16.5,16.5,16.5,16.5,16.5,16.5,16.5,16.5,16.5,16.5,16.5,16.5,16.5,16.5,16.5,16.5,16.5,16.5,16.5,16.5,16.5,16.5,16.5,16.5,16.5,16.5,16.5,16.5,16.5,16.5,16.5,16.5,16,16,16,16,16,16,16,16,16,16,16,16,16.5,16.5,16.5,16.5,16.5,16.5,16.5,16.5,16.5,16.5,16.5,16.5,16.5,16.5,16.5,16.5,16.5,16.5,16.5,16.5,16.5,16.5,16.5,16.5,16.5,16.5,16.5,16.5,16.5,16.5,16.5,16.5,16.5,16.5,16.5,16.5
Ch60,15.5,15.5,15.5,15.5,15.5,15.5,15.5,15.5,15.5,15.5,15.5,15.5,15.5,15.5,15.5,15.5,15.5,15.5,15.5,15.5,15.5,15.5,15.5,15.5,16.5,16.5,16.5,16.5,16.5,16.5,16.5,16.5,16.5,16.5,16.5,16.5,16.5,16.5,16.5,16.5,16.5,16.5,16.5,16.5,16.5,16.5,16.5,16.5,16.5,16.5,16.5,16.5,16.5,16.5,16.5,16.5,16.5,16.5,16.5,16.5,16.5,16.5,16.5,16.5,16.5,16.5,16.5,16.5,16.5,16.5,16.5,16.5,16.5,16.5,16.5,16.5,16.5,16.5,16.5,16.5,16.5,16.5,16.5,16.5,16.5,16.5,16.5,16.5,16.5,16.5,16.5,16.5,16.5,16.5,16.5,16.5,16.5,16,16,16,16,16,16,16,16,16,16,16,16,16.5,16.5,16.5,16.5,16.5,16.5,16.5,16.5,16.5,16.5,16.5,16.5,16.5,16.5,16.5,16.5,16.5,16.5,16.5,16.5,16.5,16.5,16.5,16.5,16.5,16.5,16.5,16.5,16.5,16.5,16.5,16.5,16.5,16.5,16.5,16.5
Ch64,15.5,15.5,15.5,15.5,15.5,15.5,15.5,15.5,15.5,15.5,15.5,15.5,15.5,15.5,15.5,15.5,15.5,15.5,15.5,15.5,15.5,15.5,15.5,15.5,16.5,16.5,16.5,16.5,16.5,16.5,16.5,16.5,16.5,16.5,16.5,16.5,16.5,16.5,16.5,16.5,16.5,16.5,16.5,16.5,16.5,16.5,16.5,16.5,16.5,16.5,16.5,16.5,16.5,16.5,16.5,16.5,16.5,16.5,16.5,16.5,16.5,16.5,16.5,16.5,16.5,16.5,16.5,16.5,16.5,16.5,16.5,16.5,16.5,16.5,16.5,16.5,16.5,16.5,16.5,16.5,16.5,16.5,16.5,16.5,16.5,16.5,16.5,16.5,16.5,16.5,16.5,16.5,16.5,16.5,16.5,16.5,16.5,16,16,16,16,16,16,16,16,16,16,16,16,16.5,16.5,16.5,16.5,16.5,16.5,16.5,16.5,16.5,16.5,16.5,16.5,16.5,16.5,16.5,16.5,16.5,16.5,16.5,16.5,16.5,16.5,16.5,16.5,16.5,16.5,16.5,16.5,16.5,16.5,16.5,16.5,16.5,16.5,16.5,16.5
Ch68,15.5,15.5,15.5,15.5,15.5,15.5,15.5,15.5,15.5,15.5,15.5,15.5,15.5,15.5,15.5,15.5,15.5,15.5,15.5,15.5,15.5,15.5,15.5,15.5,16.5,16.5,16.5,16.5,16.5,16.5,16.5,16.5,16.5,16.5,16.5,16.5,16.5,16.5,16.5,16.5,16.5,16.5,16.5,16.5,16.5,16.5,16.5,16.5,16.5,16.5,16.5,16.5,16.5,16.5,16.5,16.5,16.5,16.5,16.5,16.5,16.5,16.5,16.5,16.5,16.5,16.5,16.5,16.5,16.5,16.5,16.5,16.5,16.5,16.5,16.5,16.5,16.5,16.5,16.5,16.5,16.5,16.5,16.5,16.5,16.5,16.5,16.5,16.5,16.5,16.5,16.5,16.5,16.5,16.5,16.5,16.5,16.5,16,16,16,16,16,16,16,16,16,16,16,16,16.5,16.5,16.5,16.5,16.5,16.5,16.5,16.5,16.5,16.5,16.5,16.5,16.5,16.5,16.5,16.5,16.5,16.5,16.5,16.5,16.5,16.5,16.5,16.5,16.5,16.5,16.5,16.5,16.5,16.5,16.5,16.5,16.5,16.5,16.5,16.5
Ch72,15.5,15.5,15.5,15.5,15.5,15.5,15.5,15.5,15.5,15.5,15.5,15.5,15.5,15.5,15.5,15.5,15.5,15.5,15.5,15.5,15.5,15.5,15.5,15.5,16.5,16.5,16.5,16.5,16.5,16.5,16.5,16.5,16.5,16.5,16.5,16.5,16.5,16.5,16.5,16.5,16.5,16.5,16.5,16.5,16.5,16.5,16.5,16.5,16.5,16.5,16.5,16.5,16.5,16.5,16.5,16.5,16.5,16.5,16.5,16.5,16.5,16.5,16.5,16.5,16.5,16.5,16.5,16.5,16.5,16.5,16.5,16.5,16.5,16.5,16.5,16.5,16.5,16.5,16.5,16.5,16.5,16.5,16.5,16.5,16.5,16.5,16.5,16.5,16.5,16.5,16.5,16.5,16.5,16.5,16.5,16.5,16.5,16,16,16,16,16,16,16,16,16,16,16,16,16.5,16.5,16.5,16.5,16.5,16.5,16.5,16.5,16.5,16.5,16.5,16.5,16.5,16.5,16.5,16.5,16.5,16.5,16.5,16.5,16.5,16.5,16.5,16.5,16.5,16.5,16.5,16.5,16.5,16.5,16.5,16.5,16.5,16.5,16.5,16.5
Ch76,15.5,15.5,15.5,15.5,15.5,15.5,15.5,15.5,15.5,15.5,15.5,15.5,15.5,15.5,15.5,15.5,15.5,15.5,15.5,15.5,15.5,15.5,15.5,15.5,16.5,16.5,16.5,16.5,16.5,16.5,16.5,16.5,16.5,16.5,16.5,16.5,16.5,16.5,16.5,16.5,16.5,16.5,16.5,16.5,16.5,16.5,16.5,16.5,16.5,16.5,16.5,16.5,16.5,16.5,16.5,16.5,16.5,16.5,16.5,16.5,16.5,16.5,16.5,16.5,16.5,16.5,16.5,16.5,16.5,16.5,16.5,16.5,16.5,16.5,16.5,16.5,16.5,16.5,16.5,16.5,16.5,16.5,16.5,16.5,16.5,16.5,16.5,16.5,16.5,16.5,16.5,16.5,16.5,16.5,16.5,16.5,16.5,16,16,16,16,16,16,16,16,16,16,16,16,16.5,16.5,16.5,16.5,16.5,16.5,16.5,16.5,16.5,16.5,16.5,16.5,16.5,16.5,16.5,16.5,16.5,16.5,16.5,16.5,16.5,16.5,16.5,16.5,16.5,16.5,16.5,16.5,16.5,16.5,16.5,16.5,16.5,16.5,16.5,16.5
Ch80,15.5,15.5,15.5,15.5,15.5,15.5,15.5,15.5,15.5,15.5,15.5,15.5,15.5,15.5,15.5,15.5,15.5,15.5,15.5,15.5,15.5,15.5,15.5,15.5,16.5,16.5,16.5,16.5,16.5,16.5,16.5,16.5,16.5,16.5,16.5,16.5,16.5,16.5,16.5,16.5,16.5,16.5,16.5,16.5,16.5,16.5,16.5,16.5,16.5,16.5,16.5,16.5,16.5,16.5,16.5,16.5,16.5,16.5,16.5,16.5,16.5,16.5,16.5,16.5,16.5,16.5,16.5,16.5,16.5,16.5,16.5,16.5,16.5,16.5,16.5,16.5,16.5,16.5,16.5,16.5,16.5,16.5,16.5,16.5,16.5,16.5,16.5,16.5,16.5,16.5,16.5,16.5,16.5,16.5,16.5,16.5,16.5,16,16,16,16,16,16,16,16,16,16,16,16,16.5,16.5,16.5,16.5,16.5,16.5,16.5,16.5,16.5,16.5,16.5,16.5,16.5,16.5,16.5,16.5,16.5,16.5,16.5,16.5,16.5,16.5,16.5,16.5,16.5,16.5,16.5,16.5,16.5,16.5,16.5,16.5,16.5,16.5,16.5,16.5
Ch84,15.5,15.5,15.5,15.5,15.5,15.5,15.5,15.5,15.5,15.5,15.5,15.5,15.5,15.5,15.5,15.5,15.5,15.5,15.5,15.5,15.5,15.5,15.5,15.5,16.5,16.5,16.5,16.5,16.5,16.5,16.5,16.5,16.5,16.5,16.5,16.5,16.5,16.5,16.5,16.5,16.5,16.5,16.5,16.5,16.5,16.5,16.5,16.5,16.5,16.5,16.5,16.5,16.5,16.5,16.5,16.5,16.5,16.5,16.5,16.5,16.5,16.5,16.5,16.5,16.5,16.5,16.5,16.5,16.5,16.5,16.5,16.5,16.5,16.5,16.5,16.5,16.5,16.5,16.5,16.5,16.5,16.5,16.5,16.5,16.5,16.5,16.5,16.5,16.5,16.5,16.5,16.5,16.5,16.5,16.5,16.5,16.5,16,16,16,16,16,16,16,16,16,16,16,16,16.5,16.5,16.5,16.5,16.5,16.5,16.5,16.5,16.5,16.5,16.5,16.5,16.5,16.5,16.5,16.5,16.5,16.5,16.5,16.5,16.5,16.5,16.5,16.5,16.5,16.5,16.5,16.5,16.5,16.5,16.5,16.5,16.5,16.5,16.5,16.5
Ch88,15.5,15.5,15.5,15.5,15.5,15.5,15.5,15.5,15.5,15.5,15.5,15.5,15.5,15.5,15.5,15.5,15.5,15.5,15.5,15.5,15.5,15.5,15.5,15.5,16.5,16.5,16.5,16.5,16.5,16.5,16.5,16.5,16.5,16.5,16.5,16.5,16.5,16.5,16.5,16.5,16.5,16.5,16.5,16.5,16.5,16.5,16.5,16.5,16.5,16.5,16.5,16.5,16.5,16.5,16.5,16.5,16.5,16.5,16.5,16.5,16.5,16.5,16.5,16.5,16.5,16.5,16.5,16.5,16.5,16.5,16.5,16.5,16.5,16.5,16.5,16.5,16.5,16.5,16.5,16.5,16.5,16.5,16.5,16.5,16.5,16.5,16.5,16.5,16.5,16.5,16.5,16.5,16.5,16.5,16.5,16.5,16.5,16,16,16,16,16,16,16,16,16,16,16,16,16.5,16.5,16.5,16.5,16.5,16.5,16.5,16.5,16.5,16.5,16.5,16.5,16.5,16.5,16.5,16.5,16.5,16.5,16.5,16.5,16.5,16.5,16.5,16.5,16.5,16.5,16.5,16.5,16.5,16.5,16.5,16.5,16.5,16.5,16.5,16.5
Ch92,15.5,15.5,15.5,15.5,15.5,15.5,15.5,15.5,15.5,15.5,15.5,15.5,15.5,15.5,15.5,15.5,15.5,15.5,15.5,15.5,15.5,15.5,15.5,15.5,16.5,16.5,16.5,16.5,16.5,16.5,16.5,16.5,16.5,16.5,16.5,16.5,16.5,16.5,16.5,16.5,16.5,16.5,16.5,16.5,16.5,16.5,16.5,16.5,16.5,16.5,16.5,16.5,16.5,16.5,16.5,16.5,16.5,16.5,16.5,16.5,16.5,16.5,16.5,16.5,16.5,16.5,16.5,16.5,16.5,16.5,16.5,16.5,16.5,16.5,16.5,16.5,16.5,16.5,16.5,16.5,16.5,16.5,16.5,16.5,16.5,16.5,16.5,16.5,16.5,16.5,16.5,16.5,16.5,16.5,16.5,16.5,16.5,16,16,16,16,16,16,16,16,16,16,16,16,16.5,16.5,16.5,16.5,16.5,16.5,16.5,16.5,16.5,16.5,16.5,16.5,16.5,16.5,16.5,16.5,16.5,16.5,16.5,16.5,16.5,16.5,16.5,16.5,16.5,16.5,16.5,16.5,16.5,16.5,16.5,16.5,16.5,16.5,16.5,16.5
Ch96,15.5,15.5,15.5,15.5,15.5,15.5,15.5,15.5,15.5,15.5,15.5,15.5,15.5,15.5,15.5,15.5,15.5,15.5,15.5,15.5,15.5,15.5,15.5,15.5,16.5,16.5,16.5,16.5,16.5,16.5,16.5,16.5,16.5,16.5,16.5,16.5,16.5,16.5,16.5,16.5,16.5,16.5,16.5,16.5,16.5,16.5,16.5,16.5,16.5,16.5,16.5,16.5,16.5,16.5,16.5,16.5,16.5,16.5,16.5,16.5,16.5,16.5,16.5,16.5,16.5,16.5,16.5,16.5,16.5,16.5,16.5,16.5,16.5,16.5,16.5,16.5,16.5,16.5,16.5,16.5,16.5,16.5,16.5,16.5,16.5,16.5,16.5,16.5,16.5,16.5,16.5,16.5,16.5,16.5,16.5,16.5,16.5,16,16,16,16,16,16,16,16,16,16,16,16,16.5,16.5,16.5,16.5,16.5,16.5,16.5,16.5,16.5,16.5,16.5,16.5,16.5,16.5,16.5,16.5,16.5,16.5,16.5,16.5,16.5,16.5,16.5,16.5,16.5,16.5,16.5,16.5,16.5,16.5,16.5,16.5,16.5,16.5,16.5,16.5
Ch100,23,23,23,23,23,23,23,23,22.5,22.5,21.5,20.5,23.5,23.5,23.5,22.5,22.5,21.5,20.5,20,19,19,18,18,23.5,23.5,23.5,22.5,22.5,21.5,20.5,20,19,19,18,18,20.5,23.5,23.5,23.5,22.5,22.5,21.5,20.5,20,19,19,18,18,23.5,23.5,23.5,22.5,22.5,21.5,20.5,20,19,19,18,18,23.5,23.5,23.5,22.5,22.5,21.5,20.5,20,19,19,18,18,23.5,23.5,23.5,22.5,22.5,21.5,20.5,20,19,19,18,18,23.5,23.5,23.5,22.5,22.5,21.5,20.5,20,19,19,18,18,23.5,23.5,23.5,22.5,22.5,21.5,20.5,20,19,19,18,18,23.5,23.5,23.5,22.5,22.5,21.5,20.5,20,19,19,18,18,23.5,23.5,23.5,22.5,22.5,21.5,20.5,20,19,19,18,18,23.5,23.5,23.5,22.5,22.5,21.5,20.5,20,19,19,18,18
Ch104,23,23,23,23,23,23,23,23,22.5,22.5,21.5,20.5,23.5,23.5,23.5,22.5,22.5,21.5,20.5,20,19,19,18,18,23.5,23.5,23.5,22.5,22.5,21.5,20.5,20,19,19,18,18,20.5,23.5,23.5,23.5,22.5,22.5,21.5,20.5,20,19,19,18,18,23.5,23.5,23.5,22.5,22.5,21.5,20.5,20,19,19,18,18,23.5,23.5,23.5,22.5,22.5,21.5,20.5,20,19,19,18,18,23.5,23.5,23.5,22.5,22.5,21.5,20.5,20,19,19,18,18,23.5,23.5,23.5,22.5,22.5,21.5,20.5,20,19,19,18,18,23.5,23.5,23.5,22.5,22.5,21.5,20.5,20,19,19,18,18,23.5,23.5,23.5,22.5,22.5,21.5,20.5,20,19,19,18,18,23.5,23.5,23.5,22.5,22.5,21.5,20.5,20,19,19,18,18,23.5,23.5,23.5,22.5,22.5,21.5,20.5,20,19,19,18,18
Ch108,23,23,23,23,23,23,23,23,22.5,22.5,21.5,20.5,23.5,23.5,23.5,22.5,22.5,21.5,20.5,20,19,19,18,18,23.5,23.5,23.5,22.5,22.5,21.5,20.5,20,19,19,18,18,20.5,23.5,23.5,23.5,22.5,22.5,21.5,20.5,20,19,19,18,18,23.5,23.5,23.5,22.5,22.5,21.5,20.5,20,19,19,18,18,23.5,23.5,23.5,22.5,22.5,21.5,20.5,20,19,19,18,18,23.5,23.5,23.5,22.5,22.5,21.5,20.5,20,19,19,18,18,23.5,23.5,23.5,22.5,22.5,21.5,20.5,20,19,19,18,18,23.5,23.5,23.5,22.5,22.5,21.5,20.5,20,19,19,18,18,23.5,23.5,23.5,22.5,22.5,21.5,20.5,20,19,19,18,18,23.5,23.5,23.5,22.5,22.5,21.5,20.5,20,19,19,18,18,23.5,23.5,23.5,22.5,22.5,21.5,20.5,20,19,19,18,18
Ch112,23,23,23,23,23,23,23,23,22.5,22.5,21.5,20.5,23.5,23.5,23.5,22.5,22.5,21.5,20.5,20,19,19,18,18,23.5,23.5,23.5,22.5,22.5,21.5,20.5,20,19,19,18,18,20.5,23.5,23.5,23.5,22.5,22.5,21.5,20.5,20,19,19,18,18,23.5,23.5,23.5,22.5,22.5,21.5,20.5,20,19,19,18,18,23.5,23.5,23.5,22.5,22.5,21.5,20.5,20,19,19,18,18,23.5,23.5,23.5,22.5,22.5,21.5,20.5,20,19,19,18,18,23.5,23.5,23.5,22.5,22.5,21.5,20.5,20,19,19,18,18,23.5,23.5,23.5,22.5,22.5,21.5,20.5,20,19,19,18,18,23.5,23.5,23.5,22.5,22.5,21.5,20.5,20,19,19,18,18,23.5,23.5,23.5,22.5,22.5,21.5,20.5,20,19,19,18,18,23.5,23.5,23.5,22.5,22.5,21.5,20.5,20,19,19,18,18
Ch116,23,23,23,23,23,23,23,23,22.5,22.5,21.5,20.5,23.5,23.5,23.5,22.5,22.5,21.5,20.5,20,19,19,18,18,23.5,23.5,23.5,22.5,22.5,21.5,20.5,20,19,19,18,18,20.5,23.5,23.5,23.5,22.5,22.5,21.5,20.5,20,19,19,18,18,23.5,23.5,23.5,22.5,22.5,21.5,20.5,20,19,19,18,18,23.5,23.5,23.5,22.5,22.5,21.5,20.5,20,19,19,18,18,23.5,23.5,23.5,22.5,22.5,21.5,20.5,20,19,19,18,18,23.5,23.5,23.5,22.5,22.5,21.5,20.5,20,19,19,18,18,23.5,23.5,23.5,22.5,22.5,21.5,20.5,20,19,19,18,18,23.5,23.5,23.5,22.5,22.5,21.5,20.5,20,19,19,18,18,23.5,23.5,23.5,22.5,22.5,21.5,20.5,20,19,19,18,18,23.5,23.5,23.5,22.5,22.5,21.5,20.5,20,19,19,18,18
Ch120,23,23,23,23,23,23,23,23,22.5,22.5,21.5,20.5,23.5,23.5,23.5,22.5,22.5,21.5,20.5,20,19,19,18,18,23.5,23.5,23.5,22.5,22.5,21.5,20.5,20,19,19,18,18,20.5,23.5,23.5,23.5,22.5,22.5,21.5,20.5,20,19,19,18,18,23.5,23.5,23.5,22.5,22.5,21.5,20.5,20,19,19,18,18,23.5,23.5,23.5,22.5,22.5,21.5,20.5,20,19,19,18,18,23.5,23.5,23.5,22.5,22.5,21.5,20.5,20,19,19,18,18,23.5,23.5,23.5,22.5,22.5,21.5,20.5,20,19,19,18,18,23.5,23.5,23.5,22.5,22.5,21.5,20.5,20,19,19,18,18,23.5,23.5,23.5,22.5,22.5,21.5,20.5,20,19,19,18,18,23.5,23.5,23.5,22.5,22.5,21.5,20.5,20,19,19,18,18,23.5,23.5,23.5,22.5,22.5,21.5,20.5,20,19,19,18,18
Ch124,23,23,23,23,23,23,23,23,22.5,22.5,21.5,20.5,23.5,23.5,23.5,22.5,22.5,21.5,20.5,20,19,19,18,18,23.5,23.5,23.5,22.5,22.5,21.5,20.5,20,19,19,18,18,20.5,23.5,23.5,23.5,22.5,22.5,21.5,20.5,20,19,19,18,18,23.5,23.5,23.5,22.5,22.5,21.5,20.5,20,19,19,18,18,23.5,23.5,23.5,22.5,22.5,21.5,20.5,20,19,19,18,18,23.5,23.5,23.5,22.5,22.5,21.5,20.5,20,19,19,18,18,23.5,23.5,23.5,22.5,22.5,21.5,20.5,20,19,19,18,18,23.5,23.5,23.5,22.5,22.5,21.5,20.5,20,19,19,18,18,23.5,23.5,23.5,22.5,22.5,21.5,20.5,20,19,19,18,18,23.5,23.5,23.5,22.5,22.5,21.5,20.5,20,19,19,18,18,23.5,23.5,23.5,22.5,22.5,21.5,20.5,20,19,19,18,18
Ch128,23,23,23,23,23,23,23,23,22.5,22.5,21.5,20.5,23.5,23.5,23.5,22.5,22.5,21.5,20.5,20,19,19,18,18,23.5,23.5,23.5,22.5,22.5,21.5,20.5,20,19,19,18,18,20.5,23.5,23.5,23.5,22.5,22.5,21.5,20.5,20,19,19,18,18,23.5,23.5,23.5,22.5,22.5,21.5,20.5,20,19,19,18,18,23.5,23.5,23.5,22.5,22.5,21.5,20.5,20,19,19,18,18,23.5,23.5,23.5,22.5,22.5,21.5,20.5,20,19,19,18,18,23.5,23.5,23.5,22.5,22.5,21.5,20.5,20,19,19,18,18,23.5,23.5,23.5,22.5,22.5,21.5,20.5,20,19,19,18,18,23.5,23.5,23.5,22.5,22.5,21.5,20.5,20,19,19,18,18,23.5,23.5,23.5,22.5,22.5,21.5,20.5,20,19,19,18,18,23.5,23.5,23.5,22.5,22.5,21.5,20.5,20,19,19,18,18
Ch132,23,23,23,23,23,23,23,23,22.5,22.5,21.5,20.5,23.5,23.5,23.5,22.5,22.5,21.5,20.5,20,19,19,18,18,23.5,23.5,23.5,22.5,22.5,21.5,20.5,20,19,19,18,18,20.5,23.5,23.5,23.5,22.5,22.5,21.5,20.5,20,19,19,18,18,23.5,23.5,23.5,22.5,22.5,21.5,20.5,20,19,19,18,18,23.5,23.5,23.5,22.5,22.5,21.5,20.5,20,19,19,18,18,23.5,23.5,23.5,22.5,22.5,21.5,20.5,20,19,19,18,18,23.5,23.5,23.5,22.5,22.5,21.5,20.5,20,19,19,18,18,23.5,23.5,23.5,22.5,22.5,21.5,20.5,20,19,19,18,18,23.5,23.5,23.5,22.5,22.5,21.5,20.5,20,19,19,18,18,23.5,23.5,23.5,22.5,22.5,21.5,20.5,20,19,19,18,18,23.5,23.5,23.5,22.5,22.5,21.5,20.5,20,19,19,18,18
Ch136,23,23,23,23,23,23,23,23,22.5,22.5,21.5,20.5,23.5,23.5,23.5,22.5,22.5,21.5,20.5,20,19,19,18,18,23.5,23.5,23.5,22.5,22.5,21.5,20.5,20,19,19,18,18,20.5,23.5,23.5,23.5,22.5,22.5,21.5,20.5,20,19,19,18,18,23.5,23.5,23.5,22.5,22.5,21.5,20.5,20,19,19,18,18,23.5,23.5,23.5,22.5,22.5,21.5,20.5,20,19,19,18,18,23.5,23.5,23.5,22.5,22.5,21.5,20.5,20,19,19,18,18,23.5,23.5,23.5,22.5,22.5,21.5,20.5,20,19,19,18,18,23.5,23.5,23.5,22.5,22.5,21.5,20.5,20,19,19,18,18,23.5,23.5,23.5,22.5,22.5,21.5,20.5,20,19,19,18,18,23.5,23.5,23.5,22.5,22.5,21.5,20.5,20,19,19,18,18,23.5,23.5,23.5,22.5,22.5,21.5,20.5,20,19,19,18,18
Ch140,23,23,23,23,23,23,23,23,22.5,22.5,21.5,20.5,23.5,23.5,23.5,22.5,22.5,21.5,20.5,20,19,19,18,18,23.5,23.5,23.5,22.5,22.5,21.5,20.5,20,19,19,18,18,20.5,23.5,23.5,23.5,22.5,22.5,21.5,20.5,20,19,19,18,18,23.5,23.5,23.5,22.5,22.5,21.5,20.5,20,19,19,18,18,23.5,23.5,23.5,22.5,22.5,21.5,20.5,20,19,19,18,18,23.5,23.5,23.5,22.5,22.5,21.5,20.5,20,19,19,18,18,23.5,23.5,23.5,22.5,22.5,21.5,20.5,20,19,19,18,18,23.5,23.5,23.5,22.5,22.5,21.5,20.5,20,19,19,18,18,23.5,23.5,23.5,22.5,22.5,21.5,20.5,20,19,19,18,18,23.5,23.5,23.5,22.5,22.5,21.5,20.5,20,19,19,18,18,23.5,23.5,23.5,22.5,22.5,21.5,20.5,20,19,19,18,18
Ch144,23,23,23,23,23,23,23,23,22.5,22.5,21.5,20.5,23.5,23.5,23.5,22.5,22.5,21.5,20.5,20,19,19,18,18,23.5,23.5,23.5,22.5,22.5,21.5,20.5,20,19,19,18,18,20.5,23.5,23.5,23.5,22.5,22.5,21.5,20.5,20,19,19,18,18,23.5,23.5,23.5,22.5,22.5,21.5,20.5,20,19,19,18,18,23.5,23.5,23.5,22.5,22.5,21.5,20.5,20,19,19,18,18,23.5,23.5,23.5,22.5,22.5,21.5,20.5,20,19,19,18,18,23.5,23.5,23.5,22.5,22.5,21.5,20.5,20,19,19,18,18,23.5,23.5,23.5,22.5,22.5,21.5,20.5,20,19,19,18,18,23.5,23.5,23.5,22.5,22.5,21.5,20.5,20,19,19,18,18,23.5,23.5,23.5,22.5,22.5,21.5,20.5,20,19,19,18,18,23.5,23.5,23.5,22.5,22.5,21.5,20.5,20,19,19,18,18
Ch149,23,23,23,23,23,23,23,23,22.5,22.5,21.5,20.5,23.5,23.5,23.5,22.5,22.5,21.5,20.5,20,19,19,18,18,23.5,23.5,23.5,22.5,22.5,21.5,20.5,20,19,19,18,18,20.5,23.5,23.5,23.5,22.5,22.5,21.5,20.5,20,19,19,18,18,23.5,23.5,23.5,22.5,22.5,21.5,20.5,20,19,19,18,18,23.5,23.5,23.5,22.5,22.5,21.5,20.5,20,19,19,18,18,23.5,23.5,23.5,22.5,22.5,21.5,20.5,20,19,19,18,18,23.5,23.5,23.5,22.5,22.5,21.5,20.5,20,19,19,18,18,23.5,23.5,23.5,22.5,22.5,21.5,20.5,20,19,19,18,18,23.5,23.5,23.5,22.5,22.5,21.5,20.5,20,19,19,18,18,23.5,23.5,23.5,22.5,22.5,21.5,20.5,20,19,19,18,18,23.5,23.5,23.5,22.5,22.5,21.5,20.5,20,19,19,18,18
Ch153,23,23,23,23,23,23,23,23,22.5,22.5,21.5,20.5,23.5,23.5,23.5,22.5,22.5,21.5,20.5,20,19,19,18,18,23.5,23.5,23.5,22.5,22.5,21.5,20.5,20,19,19,18,18,20.5,23.5,23.5,23.5,22.5,22.5,21.5,20.5,20,19,19,18,18,23.5,23.5,23.5,22.5,22.5,21.5,20.5,20,19,19,18,18,23.5,23.5,23.5,22.5,22.5,21.5,20.5,20,19,19,18,18,23.5,23.5,23.5,22.5,22.5,21.5,20.5,20,19,19,18,18,23.5,23.5,23.5,22.5,22.5,21.5,20.5,20,19,19,18,18,23.5,23.5,23.5,22.5,22.5,21.5,20.5,20,19,19,18,18,23.5,23.5,23.5,22.5,22.5,21.5,20.5,20,19,19,18,18,23.5,23.5,23.5,22.5,22.5,21.5,20.5,20,19,19,18,18,23.5,23.5,23.5,22.5,22.5,21.5,20.5,20,19,19,18,18
Ch157,23,23,23,23,23,23,23,23,22.5,22.5,21.5,20.5,23.5,23.5,23.5,22.5,22.5,21.5,20.5,20,19,19,18,18,23.5,23.5,23.5,22.5,22.5,21.5,20.5,20,19,19,18,18,20.5,23.5,23.5,23.5,22.5,22.5,21.5,20.5,20,19,19,18,18,23.5,23.5,23.5,22.5,22.5,21.5,20.5,20,19,19,18,18,23.5,23.5,23.5,22.5,22.5,21.5,20.5,20,19,19,18,18,23.5,23.5,23.5,22.5,22.5,21.5,20.5,20,19,19,18,18,23.5,23.5,23.5,22.5,22.5,21.5,20.5,20,19,19,18,18,23.5,23.5,23.5,22.5,22.5,21.5,20.5,20,19,19,18,18,23.5,23.5,23.5,22.5,22.5,21.5,20.5,20,19,19,18,18,23.5,23.5,23.5,22.5,22.5,21.5,20.5,20,19,19,18,18,23.5,23.5,23.5,22.5,22.5,21.5,20.5,20,19,19,18,18
Ch161,23,23,23,23,23,23,23,23,22.5,22.5,21.5,20.5,23.5,23.5,23.5,22.5,22.5,21.5,20.5,20,19,19,18,18,23.5,23.5,23.5,22.5,22.5,21.5,20.5,20,19,19,18,18,20.5,23.5,23.5,23.5,22.5,22.5,21.5,20.5,20,19,19,18,18,23.5,23.5,23.5,22.5,22.5,21.5,20.5,20,19,19,18,18,23.5,23.5,23.5,22.5,22.5,21.5,20.5,20,19,19,18,18,23.5,23.5,23.5,22.5,22.5,21.5,20.5,20,19,19,18,18,23.5,23.5,23.5,22.5,22.5,21.5,20.5,20,19,19,18,18,23.5,23.5,23.5,22.5,22.5,21.5,20.5,20,19,19,18,18,23.5,23.5,23.5,22.5,22.5,21.5,20.5,20,19,19,18,18,23.5,23.5,23.5,22.5,22.5,21.5,20.5,20,19,19,18,18,23.5,23.5,23.5,22.5,22.5,21.5,20.5,20,19,19,18,18
Ch165,23,23,23,23,23,23,23,23,22.5,22.5,21.5,20.5,23.5,23.5,23.5,22.5,22.5,21.5,20.5,20,19,19,18,18,23.5,23.5,23.5,22.5,22.5,21.5,20.5,20,19,19,18,18,20.5,23.5,23.5,23.5,22.5,22.5,21.5,20.5,20,19,19,18,18,23.5,23.5,23.5,22.5,22.5,21.5,20.5,20,19,19,18,18,23.5,23.5,23.5,22.5,22.5,21.5,20.5,20,19,19,18,18,23.5,23.5,23.5,22.5,22.5,21.5,20.5,20,19,19,18,18,23.5,23.5,23.5,22.5,22.5,21.5,20.5,20,19,19,18,18,23.5,23.5,23.5,22.5,22.5,21.5,20.5,20,19,19,18,18,23.5,23.5,23.5,22.5,22.5,21.5,20.5,20,19,19,18,18,23.5,23.5,23.5,22.5,22.5,21.5,20.5,20,19,19,18,18,23.5,23.5,23.5,22.5,22.5,21.5,20.5,20,19,19,18,18
Ch169,23,23,23,23,23,23,23,23,22.5,22.5,21.5,20.5,23.5,23.5,23.5,22.5,22.5,21.5,20.5,20,19,19,18,18,23.5,23.5,23.5,22.5,22.5,21.5,20.5,20,19,19,18,18,20.5,23.5,23.5,23.5,22.5,22.5,21.5,20.5,20,19,19,18,18,23.5,23.5,23.5,22.5,22.5,21.5,20.5,20,19,19,18,18,23.5,23.5,23.5,22.5,22.5,21.5,20.5,20,19,19,18,18,23.5,23.5,23.5,22.5,22.5,21.5,20.5,20,19,19,18,18,23.5,23.5,23.5,22.5,22.5,21.5,20.5,20,19,19,18,18,23.5,23.5,23.5,22.5,22.5,21.5,20.5,20,19,19,18,18,23.5,23.5,23.5,22.5,22.5,21.5,20.5,20,19,19,18,18,23.5,23.5,23.5,22.5,22.5,21.5,20.5,20,19,19,18,18,23.5,23.5,23.5,22.5,22.5,21.5,20.5,20,19,19,18,18
Ch173,23,23,23,23,23,23,23,23,22.5,22.5,21.5,20.5,23.5,23.5,23.5,22.5,22.5,21.5,20.5,20,19,19,18,18,23.5,23.5,23.5,22.5,22.5,21.5,20.5,20,19,19,18,18,20.5,23.5,23.5,23.5,22.5,22.5,21.5,20.5,20,19,19,18,18,23.5,23.5,23.5,22.5,22.5,21.5,20.5,20,19,19,18,18,23.5,23.5,23.5,22.5,22.5,21.5,20.5,20,19,19,18,18,23.5,23.5,23.5,22.5,22.5,21.5,20.5,20,19,19,18,18,23.5,23.5,23.5,22.5,22.5,21.5,20.5,20,19,19,18,18,23.5,23.5,23.5,22.5,22.5,21.5,20.5,20,19,19,18,18,23.5,23.5,23.5,22.5,22.5,21.5,20.5,20,19,19,18,18,23.5,23.5,23.5,22.5,22.5,21.5,20.5,20,19,19,18,18,23.5,23.5,23.5,22.5,22.5,21.5,20.5,20,19,19,18,18
Ch177,23,23,23,23,23,23,23,23,22.5,22.5,21.5,20.5,23.5,23.5,23.5,22.5,22.5,21.5,20.5,20,19,19,18,18,23.5,23.5,23.5,22.5,22.5,21.5,20.5,20,19,19,18,18,20.5,23.5,23.5,23.5,22.5,22.5,21.5,20.5,20,19,19,18,18,23.5,23.5,23.5,22.5,22.5,21.5,20.5,20,19,19,18,18,23.5,23.5,23.5,22.5,22.5,21.5,20.5,20,19,19,18,18,23.5,23.5,23.5,22.5,22.5,21.5,20.5,20,19,19,18,18,23.5,23.5,23.5,22.5,22.5,21.5,20.5,20,19,19,18,18,23.5,23.5,23.5,22.5,22.5,21.5,20.5,20,19,19,18,18,23.5,23.5,23.5,22.5,22.5,21.5,20.5,20,19,19,18,18,23.5,23.5,23.5,22.5,22.5,21.5,20.5,20,19,19,18,18,23.5,23.5,23.5,22.5,22.5,21.5,20.5,20,19,19,18,18
Ch181,23,23,23,23,23,23,23,23,22.5,22.5,21.5,20.5,23.5,23.5,23.5,22.5,22.5,21.5,20.5,20,19,19,18,18,23.5,23.5,23.5,22.5,22.5,21.5,20.5,20,19,19,18,18,20.5,23.5,23.5,23.5,22.5,22.5,21.5,20.5,20,19,19,18,18,23.5,23.5,23.5,22.5,22.5,21.5,20.5,20,19,19,18,18,23.5,23.5,23.5,22.5,22.5,21.5,20.5,20,19,19,18,18,23.5,23.5,23.5,22.5,22.5,21.5,20.5,20,19,19,18,18,23.5,23.5,23.5,22.5,22.5,21.5,20.5,20,19,19,18,18,23.5,23.5,23.5,22.5,22.5,21.5,20.5,20,19,19,18,18,23.5,23.5,23.5,22.5,22.5,21.5,20.5,20,19,19,18,18,23.5,23.5,23.5,22.5,22.5,21.5,20.5,20,19,19,18,18,23.5,23.5,23.5,22.5,22.5,21.5,20.5,20,19,19,18,18
