# Backoff Power Limit Table (unit is 0.5 dBm),,,,,,,,,,,,,,,,,,,,,,,,,,,,,,,,,,,,,,,,,,,,,,,,,,,,,,,,,,,,,,,,,,,,,,,,,,,,,,,,,,,,,,,,,,,,,,,,,,,,,,,,,,,,,,,,,,,,,,,,,,,,,,,,,,,,,,,,,,,,,,,,,,,
# 2.4G Channel,CCK,,,,OFDM,,,,,,,BW20 (HT/VHT),,,,,,,,,,,,,,,,,,,BW40 (HT/VHT),,,,,,,,,,,,,,,,,,,BW80 (HT/VHT),,,,,,,,,,,,,,,,,,,BW160 (HT/VHT),,,,,,,,,,,,,,,,,,,RU26,,,,,,,,,,,,,,,,,,,,RU52,,,,,,,,,,,,,,,,,,,,RU106,,,,,,,,,,,,,,,,,,,
,BF OFF,,,,BF OFF,,,,BF ON,,,BF OFF,,,,,,,,,,,,,,,,,,,BF OFF,,,,,,,,,,,,,,,,,,,BF OFF,,,,,,,,,,,,,,,,,,,BF OFF,,,,,,,,,,,,,,,,,,,BF OFF,,,,,,,,,,BF ON,,,,,,,,,,BF OFF,,,,,,,,,,BF ON,,,,,,,,,,BF OFF,,,,,,,,,,BF ON,,,,,,,,,
Band: 2.4G,1T1ss,2T1ss,3T1ss,4T1ss,1T1ss,2T1ss,3T1ss,4T1ss,2T1ss,3T1ss,4T1ss,1T1ss,2T1ss,3T1ss,4T1ss,2T2ss,3T2ss,4T2ss,3T3ss,4T3ss,4T4ss,2T1ss,3T1ss,4T1ss,2T2ss,3T2ss,4T2ss,3T3ss,4T3ss,4T4ss,1T1ss,2T1ss,3T1ss,4T1ss,2T2ss,3T2ss,4T2ss,3T3ss,4T3ss,4T4ss,2T1ss,3T1ss,4T1ss,2T2ss,3T2ss,4T2ss,3T3ss,4T3ss,4T4ss,1T1ss,2T1ss,3T1ss,4T1ss,2T2ss,3T2ss,4T2ss,3T3ss,4T3ss,4T4ss,2T1ss,3T1ss,4T1ss,2T2ss,3T2ss,4T2ss,3T3ss,4T3ss,4T4ss,1T1ss,2T1ss,3T1ss,4T1ss,2T2ss,3T2ss,4T2ss,3T3ss,4T3ss,4T4ss,2T1ss,3T1ss,4T1ss,2T2ss,3T2ss,4T2ss,3T3ss,4T3ss,4T4ss,1T1ss,2T1ss,3T1ss,4T1ss,2T2ss,3T2ss,4T2ss,3T3ss,4T3ss,4T4ss,1T1ss,2T1ss,3T1ss,4T1ss,2T2ss,3T2ss,4T2ss,3T3ss,4T3ss,4T4ss,1T1ss,2T1ss,3T1ss,4T1ss,2T2ss,3T2ss,4T2ss,3T3ss,4T3ss,4T4ss,1T1ss,2T1ss,3T1ss,4T1ss,2T2ss,3T2ss,4T2ss,3T3ss,4T3ss,4T4ss,1T1ss,2T1ss,3T1ss,4T1ss,2T2ss,3T2ss,4T2ss,3T3ss,4T3ss,4T4ss,1T1ss,2T1ss,3T1ss,4T1ss,2T2ss,3T2ss,4T2ss,3T3ss,4T3ss,4T4ss
Ch1,24.5,21.5,0,0,24,21,0,0,21,0,0,24,21,0,0,21,0,0,0,0,0,20,0,0,21,0,0,0,0,0,20.5,17.5,0,0,17.5,0,0,0,0,0,16.5,0,0,17.5,0,0,0,0,0,18,15,0,0,15,0,0,0,0,0,14,0,0,15,0,0,0,0,0,18,15,0,0,15,0,0,0,0,0,14,0,0,15,0,0,0,0,0,24,21,0,0,21,0,0,0,0,0,24,20,0,0,21,0,0,0,0,0,24,21,0,0,21,0,0,0,0,0,24,20,0,0,21,0,0,0,0,0,24,21,0,0,21,0,0,0,0,0,24,20,0,0,21,0,0,0,0,0
Ch2,24.5,21.5,0,0,24,21,0,0,21,0,0,24,21,0,0,21,0,0,0,0,0,20,0,0,21,0,0,0,0,0,20.5,17.5,0,0,17.5,0,0,0,0,0,16.5,0,0,17.5,0,0,0,0,0,18,15,0,0,15,0,0,0,0,0,14,0,0,15,0,0,0,0,0,18,15,0,0,15,0,0,0,0,0,14,0,0,15,0,0,0,0,0,24,21,0,0,21,0,0,0,0,0,24,20,0,0,21,0,0,0,0,0,24,21,0,0,21,0,0,0,0,0,24,20,0,0,21,0,0,0,0,0,24,21,0,0,21,0,0,0,0,0,24,20,0,0,21,0,0,0,0,0
Ch3,24.5,21.5,0,0,24,21,0,0,21,0,0,24,21,0,0,21,0,0,0,0,0,20,0,0,21,0,0,0,0,0,20.5,17.5,0,0,17.5,0,0,0,0,0,16.5,0,0,17.5,0,0,0,0,0,18,15,0,0,15,0,0,0,0,0,14,0,0,15,0,0,0,0,0,18,15,0,0,15,0,0,0,0,0,14,0,0,15,0,0,0,0,0,24,21,0,0,21,0,0,0,0,0,24,20,0,0,21,0,0,0,0,0,24,21,0,0,21,0,0,0,0,0,24,20,0,0,21,0,0,0,0,0,24,21,0,0,21,0,0,0,0,0,24,20,0,0,21,0,0,0,0,0
Ch4,24.5,21.5,0,0,24,21,0,0,21,0,0,24,21,0,0,21,0,0,0,0,0,20,0,0,21,0,0,0,0,0,20.5,17.5,0,0,17.5,0,0,0,0,0,16.5,0,0,17.5,0,0,0,0,0,18,15,0,0,15,0,0,0,0,0,14,0,0,15,0,0,0,0,0,18,15,0,0,15,0,0,0,0,0,14,0,0,15,0,0,0,0,0,24,21,0,0,21,0,0,0,0,0,24,20,0,0,21,0,0,0,0,0,24,21,0,0,21,0,0,0,0,0,24,20,0,0,21,0,0,0,0,0,24,21,0,0,21,0,0,0,0,0,24,20,0,0,21,0,0,0,0,0
Ch5,24.5,21.5,0,0,24,21,0,0,21,0,0,24,21,0,0,21,0,0,0,0,0,20,0,0,21,0,0,0,0,0,20.5,17.5,0,0,17.5,0,0,0,0,0,16.5,0,0,17.5,0,0,0,0,0,18,15,0,0,15,0,0,0,0,0,14,0,0,15,0,0,0,0,0,18,15,0,0,15,0,0,0,0,0,14,0,0,15,0,0,0,0,0,24,21,0,0,21,0,0,0,0,0,24,20,0,0,21,0,0,0,0,0,24,21,0,0,21,0,0,0,0,0,24,20,0,0,21,0,0,0,0,0,24,21,0,0,21,0,0,0,0,0,24,20,0,0,21,0,0,0,0,0
Ch6,24.5,21.5,0,0,24,21,0,0,21,0,0,24,21,0,0,21,0,0,0,0,0,20,0,0,21,0,0,0,0,0,20.5,17.5,0,0,17.5,0,0,0,0,0,16.5,0,0,17.5,0,0,0,0,0,18,15,0,0,15,0,0,0,0,0,14,0,0,15,0,0,0,0,0,18,15,0,0,15,0,0,0,0,0,14,0,0,15,0,0,0,0,0,24,21,0,0,21,0,0,0,0,0,24,20,0,0,21,0,0,0,0,0,24,21,0,0,21,0,0,0,0,0,24,20,0,0,21,0,0,0,0,0,24,21,0,0,21,0,0,0,0,0,24,20,0,0,21,0,0,0,0,0
Ch7,24.5,21.5,0,0,24,21,0,0,21,0,0,24,21,0,0,21,0,0,0,0,0,20,0,0,21,0,0,0,0,0,20.5,17.5,0,0,17.5,0,0,0,0,0,16.5,0,0,17.5,0,0,0,0,0,18,15,0,0,15,0,0,0,0,0,14,0,0,15,0,0,0,0,0,18,15,0,0,15,0,0,0,0,0,14,0,0,15,0,0,0,0,0,24,21,0,0,21,0,0,0,0,0,24,20,0,0,21,0,0,0,0,0,24,21,0,0,21,0,0,0,0,0,24,20,0,0,21,0,0,0,0,0,24,21,0,0,21,0,0,0,0,0,24,20,0,0,21,0,0,0,0,0
Ch8,24.5,21.5,0,0,24,21,0,0,21,0,0,24,21,0,0,21,0,0,0,0,0,20,0,0,21,0,0,0,0,0,20.5,17.5,0,0,17.5,0,0,0,0,0,16.5,0,0,17.5,0,0,0,0,0,18,15,0,0,15,0,0,0,0,0,14,0,0,15,0,0,0,0,0,18,15,0,0,15,0,0,0,0,0,14,0,0,15,0,0,0,0,0,24,21,0,0,21,0,0,0,0,0,24,20,0,0,21,0,0,0,0,0,24,21,0,0,21,0,0,0,0,0,24,20,0,0,21,0,0,0,0,0,24,21,0,0,21,0,0,0,0,0,24,20,0,0,21,0,0,0,0,0
Ch9,24.5,21.5,0,0,24,21,0,0,21,0,0,24,21,0,0,21,0,0,0,0,0,20,0,0,21,0,0,0,0,0,20.5,17.5,0,0,17.5,0,0,0,0,0,16.5,0,0,17.5,0,0,0,0,0,18,15,0,0,15,0,0,0,0,0,14,0,0,15,0,0,0,0,0,18,15,0,0,15,0,0,0,0,0,14,0,0,15,0,0,0,0,0,24,21,0,0,21,0,0,0,0,0,24,20,0,0,21,0,0,0,0,0,24,21,0,0,21,0,0,0,0,0,24,20,0,0,21,0,0,0,0,0,24,21,0,0,21,0,0,0,0,0,24,20,0,0,21,0,0,0,0,0
Ch10,24.5,21.5,0,0,24,21,0,0,21,0,0,24,21,0,0,21,0,0,0,0,0,20,0,0,21,0,0,0,0,0,20.5,17.5,0,0,17.5,0,0,0,0,0,16.5,0,0,17.5,0,0,0,0,0,18,15,0,0,15,0,0,0,0,0,14,0,0,15,0,0,0,0,0,18,15,0,0,15,0,0,0,0,0,14,0,0,15,0,0,0,0,0,24,21,0,0,21,0,0,0,0,0,24,20,0,0,21,0,0,0,0,0,24,21,0,0,21,0,0,0,0,0,24,20,0,0,21,0,0,0,0,0,24,21,0,0,21,0,0,0,0,0,24,20,0,0,21,0,0,0,0,0
Ch11,24.5,21.5,0,0,24,21,0,0,21,0,0,24,21,0,0,21,0,0,0,0,0,20,0,0,21,0,0,0,0,0,20.5,17.5,0,0,17.5,0,0,0,0,0,16.5,0,0,17.5,0,0,0,0,0,18,15,0,0,15,0,0,0,0,0,14,0,0,15,0,0,0,0,0,18,15,0,0,15,0,0,0,0,0,14,0,0,15,0,0,0,0,0,24,21,0,0,21,0,0,0,0,0,24,20,0,0,21,0,0,0,0,0,24,21,0,0,21,0,0,0,0,0,24,20,0,0,21,0,0,0,0,0,24,21,0,0,21,0,0,0,0,0,24,20,0,0,21,0,0,0,0,0
Ch12,24.5,21.5,0,0,24,21,0,0,21,0,0,24,21,0,0,21,0,0,0,0,0,20,0,0,21,0,0,0,0,0,20.5,17.5,0,0,17.5,0,0,0,0,0,16.5,0,0,17.5,0,0,0,0,0,18,15,0,0,15,0,0,0,0,0,14,0,0,15,0,0,0,0,0,18,15,0,0,15,0,0,0,0,0,14,0,0,15,0,0,0,0,0,24,21,0,0,21,0,0,0,0,0,24,20,0,0,21,0,0,0,0,0,24,21,0,0,21,0,0,0,0,0,24,20,0,0,21,0,0,0,0,0,24,21,0,0,21,0,0,0,0,0,24,20,0,0,21,0,0,0,0,0
Ch13,24.5,21.5,0,0,24,21,0,0,21,0,0,24,21,0,0,21,0,0,0,0,0,20,0,0,21,0,0,0,0,0,20.5,17.5,0,0,17.5,0,0,0,0,0,16.5,0,0,17.5,0,0,0,0,0,18,15,0,0,15,0,0,0,0,0,14,0,0,15,0,0,0,0,0,18,15,0,0,15,0,0,0,0,0,14,0,0,15,0,0,0,0,0,24,21,0,0,21,0,0,0,0,0,24,20,0,0,21,0,0,0,0,0,24,21,0,0,21,0,0,0,0,0,24,20,0,0,21,0,0,0,0,0,24,21,0,0,21,0,0,0,0,0,24,20,0,0,21,0,0,0,0,0
Ch14,24.5,21.5,0,0,24,21,0,0,21,0,0,24,21,0,0,21,0,0,0,0,0,20,0,0,21,0,0,0,0,0,20.5,17.5,0,0,17.5,0,0,0,0,0,16.5,0,0,17.5,0,0,0,0,0,18,15,0,0,15,0,0,0,0,0,14,0,0,15,0,0,0,0,0,18,15,0,0,15,0,0,0,0,0,14,0,0,15,0,0,0,0,0,24,21,0,0,21,0,0,0,0,0,24,20,0,0,21,0,0,0,0,0,24,21,0,0,21,0,0,0,0,0,24,20,0,0,21,0,0,0,0,0,24,21,0,0,21,0,0,0,0,0,24,20,0,0,21,0,0,0,0,0
,,,,,,,,,,,,,,,,,,,,,,,,,,,,,,,,,,,,,,,,,,,,,,,,,,,,,,,,,,,,,,,,,,,,,,,,,,,,,,,,,,,,,,,,,,,,,,,,,,,,,,,,,,,,,,,,,,,,,,,,,,,,,,,,,,,,,,,,,,,,,,,,,,,
# 5G Channel,CCK,,,,OFDM,,,,,,,BW20 (HT/VHT),,,,,,,,,,,,,,,,,,,BW40 (HT/VHT),,,,,,,,,,,,,,,,,,,BW80 (HT/VHT),,,,,,,,,,,,,,,,,,,BW160 (HT/VHT),,,,,,,,,,,,,,,,,,,RU26,,,,,,,,,,,,,,,,,,,,RU52,,,,,,,,,,,,,,,,,,,,RU106,,,,,,,,,,,,,,,,,,,
,BF OFF,,,,BF OFF,,,,BF ON,,,BF OFF,,,,,,,,,,,,,,,,,,,BF OFF,,,,,,,,,,,,,,,,,,,BF OFF,,,,,,,,,,,,,,,,,,,BF OFF,,,,,,,,,,,,,,,,,,,BF OFF,,,,,,,,,,BF ON,,,,,,,,,,BF OFF,,,,,,,,,,BF ON,,,,,,,,,,BF OFF,,,,,,,,,,BF ON,,,,,,,,,
Band: 5G,1T1ss,2T1ss,3T1ss,4T1ss,1T1ss,2T1ss,3T1ss,4T1ss,2T1ss,3T1ss,4T1ss,1T1ss,2T1ss,3T1ss,4T1ss,2T2ss,3T2ss,4T2ss,3T3ss,4T3ss,4T4ss,2T1ss,3T1ss,4T1ss,2T2ss,3T2ss,4T2ss,3T3ss,4T3ss,4T4ss,1T1ss,2T1ss,3T1ss,4T1ss,2T2ss,3T2ss,4T2ss,3T3ss,4T3ss,4T4ss,2T1ss,3T1ss,4T1ss,2T2ss,3T2ss,4T2ss,3T3ss,4T3ss,4T4ss,1T1ss,2T1ss,3T1ss,4T1ss,2T2ss,3T2ss,4T2ss,3T3ss,4T3ss,4T4ss,2T1ss,3T1ss,4T1ss,2T2ss,3T2ss,4T2ss,3T3ss,4T3ss,4T4ss,1T1ss,2T1ss,3T1ss,4T1ss,2T2ss,3T2ss,4T2ss,3T3ss,4T3ss,4T4ss,2T1ss,3T1ss,4T1ss,2T2ss,3T2ss,4T2ss,3T3ss,4T3ss,4T4ss,1T1ss,2T1ss,3T1ss,4T1ss,2T2ss,3T2ss,4T2ss,3T3ss,4T3ss,4T4ss,1T1ss,2T1ss,3T1ss,4T1ss,2T2ss,3T2ss,4T2ss,3T3ss,4T3ss,4T4ss,1T1ss,2T1ss,3T1ss,4T1ss,2T2ss,3T2ss,4T2ss,3T3ss,4T3ss,4T4ss,1T1ss,2T1ss,3T1ss,4T1ss,2T2ss,3T2ss,4T2ss,3T3ss,4T3ss,4T4ss,1T1ss,2T1ss,3T1ss,4T1ss,2T2ss,3T2ss,4T2ss,3T3ss,4T3ss,4T4ss,1T1ss,2T1ss,3T1ss,4T1ss,2T2ss,3T2ss,4T2ss,3T3ss,4T3ss,4T4ss
Ch184,19.5,16.5,0,0,19.5,23,0,0,23,0,0,26.5,23.5,0,0,23.5,0,0,0,0,0,22,0,0,23.5,0,0,0,0,0,26.5,23.5,0,0,23.5,0,0,0,0,0,22.5,0,0,23.5,0,0,0,0,0,26.5,23.5,0,0,23.5,0,0,0,0,0,22.5,0,0,23.5,0,0,0,0,0,20.5,17.5,0,0,17.5,0,0,0,0,0,16.5,0,0,17.5,0,0,0,0,0,26.5,23.5,0,0,23.5,0,0,0,0,0,26.5,22.5,0,0,23.5,0,0,0,0,0,26.5,23.5,0,0,23.5,0,0,0,0,0,26.5,22.5,0,0,23.5,0,0,0,0,0,26.5,23.5,0,0,23.5,0,0,0,0,0,26.5,22.5,0,0,23.5,0,0,0,0,0
Ch188,19.5,16.5,0,0,19.5,23,0,0,23,0,0,26.5,23.5,0,0,23.5,0,0,0,0,0,22,0,0,23.5,0,0,0,0,0,26.5,23.5,0,0,23.5,0,0,0,0,0,22.5,0,0,23.5,0,0,0,0,0,26.5,23.5,0,0,23.5,0,0,0,0,0,22.5,0,0,23.5,0,0,0,0,0,20.5,17.5,0,0,17.5,0,0,0,0,0,16.5,0,0,17.5,0,0,0,0,0,26.5,23.5,0,0,23.5,0,0,0,0,0,26.5,22.5,0,0,23.5,0,0,0,0,0,26.5,23.5,0,0,23.5,0,0,0,0,0,26.5,22.5,0,0,23.5,0,0,0,0,0,26.5,23.5,0,0,23.5,0,0,0,0,0,26.5,22.5,0,0,23.5,0,0,0,0,0
Ch192,19.5,16.5,0,0,19.5,23,0,0,23,0,0,26.5,23.5,0,0,23.5,0,0,0,0,0,22,0,0,23.5,0,0,0,0,0,26.5,23.5,0,0,23.5,0,0,0,0,0,22.5,0,0,23.5,0,0,0,0,0,26.5,23.5,0,0,23.5,0,0,0,0,0,22.5,0,0,23.5,0,0,0,0,0,20.5,17.5,0,0,17.5,0,0,0,0,0,16.5,0,0,17.5,0,0,0,0,0,26.5,23.5,0,0,23.5,0,0,0,0,0,26.5,22.5,0,0,23.5,0,0,0,0,0,26.5,23.5,0,0,23.5,0,0,0,0,0,26.5,22.5,0,0,23.5,0,0,0,0,0,26.5,23.5,0,0,23.5,0,0,0,0,0,26.5,22.5,0,0,23.5,0,0,0,0,0
Ch196,19.5,16.5,0,0,19.5,23,0,0,23,0,0,26.5,23.5,0,0,23.5,0,0,0,0,0,22,0,0,23.5,0,0,0,0,0,26.5,23.5,0,0,23.5,0,0,0,0,0,22.5,0,0,23.5,0,0,0,0,0,26.5,23.5,0,0,23.5,0,0,0,0,0,22.5,0,0,23.5,0,0,0,0,0,20.5,17.5,0,0,17.5,0,0,0,0,0,16.5,0,0,17.5,0,0,0,0,0,26.5,23.5,0,0,23.5,0,0,0,0,0,26.5,22.5,0,0,23.5,0,0,0,0,0,26.5,23.5,0,0,23.5,0,0,0,0,0,26.5,22.5,0,0,23.5,0,0,0,0,0,26.5,23.5,0,0,23.5,0,0,0,0,0,26.5,22.5,0,0,23.5,0,0,0,0,0
Ch8,19.5,16.5,0,0,19.5,23,0,0,23,0,0,26.5,23.5,0,0,23.5,0,0,0,0,0,22,0,0,23.5,0,0,0,0,0,26.5,23.5,0,0,23.5,0,0,0,0,0,22.5,0,0,23.5,0,0,0,0,0,26.5,23.5,0,0,23.5,0,0,0,0,0,22.5,0,0,23.5,0,0,0,0,0,20.5,17.5,0,0,17.5,0,0,0,0,0,16.5,0,0,17.5,0,0,0,0,0,26.5,23.5,0,0,23.5,0,0,0,0,0,26.5,22.5,0,0,23.5,0,0,0,0,0,26.5,23.5,0,0,23.5,0,0,0,0,0,26.5,22.5,0,0,23.5,0,0,0,0,0,26.5,23.5,0,0,23.5,0,0,0,0,0,26.5,22.5,0,0,23.5,0,0,0,0,0
Ch12,19.5,16.5,0,0,19.5,23,0,0,23,0,0,26.5,23.5,0,0,23.5,0,0,0,0,0,22,0,0,23.5,0,0,0,0,0,26.5,23.5,0,0,23.5,0,0,0,0,0,22.5,0,0,23.5,0,0,0,0,0,26.5,23.5,0,0,23.5,0,0,0,0,0,22.5,0,0,23.5,0,0,0,0,0,20.5,17.5,0,0,17.5,0,0,0,0,0,16.5,0,0,17.5,0,0,0,0,0,26.5,23.5,0,0,23.5,0,0,0,0,0,26.5,22.5,0,0,23.5,0,0,0,0,0,26.5,23.5,0,0,23.5,0,0,0,0,0,26.5,22.5,0,0,23.5,0,0,0,0,0,26.5,23.5,0,0,23.5,0,0,0,0,0,26.5,22.5,0,0,23.5,0,0,0,0,0
Ch16,19.5,16.5,0,0,19.5,23,0,0,23,0,0,26.5,23.5,0,0,23.5,0,0,0,0,0,22,0,0,23.5,0,0,0,0,0,26.5,23.5,0,0,23.5,0,0,0,0,0,22.5,0,0,23.5,0,0,0,0,0,26.5,23.5,0,0,23.5,0,0,0,0,0,22.5,0,0,23.5,0,0,0,0,0,20.5,17.5,0,0,17.5,0,0,0,0,0,16.5,0,0,17.5,0,0,0,0,0,26.5,23.5,0,0,23.5,0,0,0,0,0,26.5,22.5,0,0,23.5,0,0,0,0,0,26.5,23.5,0,0,23.5,0,0,0,0,0,26.5,22.5,0,0,23.5,0,0,0,0,0,26.5,23.5,0,0,23.5,0,0,0,0,0,26.5,22.5,0,0,23.5,0,0,0,0,0
Ch36,19.5,16.5,0,0,19.5,23,0,0,23,0,0,26.5,23.5,0,0,23.5,0,0,0,0,0,22,0,0,23.5,0,0,0,0,0,23,20,0,0,20,0,0,0,0,0,19,0,0,20,0,0,0,0,0,20,17,0,0,17,0,0,0,0,0,16,0,0,17,0,0,0,0,0,20.5,17.5,0,0,17.5,0,0,0,0,0,16.5,0,0,17.5,0,0,0,0,0,25,22,0,0,22,0,0,0,0,0,25,21,0,0,22,0,0,0,0,0,25,22,0,0,22,0,0,0,0,0,25,21,0,0,22,0,0,0,0,0,25,22,0,0,22,0,0,0,0,0,25,21,0,0,22,0,0,0,0,0
Ch40,19.5,16.5,0,0,19.5,23,0,0,23,0,0,26.5,23.5,0,0,23.5,0,0,0,0,0,22,0,0,23.5,0,0,0,0,0,26.5,23.5,0,0,23.5,0,0,0,0,0,22.5,0,0,23.5,0,0,0,0,0,20,17,0,0,17,0,0,0,0,0,16,0,0,17,0,0,0,0,0,20.5,17.5,0,0,17.5,0,0,0,0,0,16.5,0,0,17.5,0,0,0,0,0,26,23,0,0,23,0,0,0,0,0,26,22,0,0,23,0,0,0,0,0,26,23,0,0,23,0,0,0,0,0,26,22,0,0,23,0,0,0,0,0,26,23,0,0,23,0,0,0,0,0,26,22,0,0,23,0,0,0,0,0
Ch44,19.5,16.5,0,0,19.5,23,0,0,23,0,0,26.5,23.5,0,0,23.5,0,0,0,0,0,22,0,0,23.5,0,0,0,0,0,26.5,23.5,0,0,23.5,0,0,0,0,0,22.5,0,0,23.5,0,0,0,0,0,20,17,0,0,17,0,0,0,0,0,16,0,0,17,0,0,0,0,0,20.5,17.5,0,0,17.5,0,0,0,0,0,16.5,0,0,17.5,0,0,0,0,0,26,23,0,0,23,0,0,0,0,0,26,22,0,0,23,0,0,0,0,0,26,23,0,0,23,0,0,0,0,0,26,22,0,0,23,0,0,0,0,0,26,23,0,0,23,0,0,0,0,0,26,22,0,0,23,0,0,0,0,0
Ch48,19.5,16.5,0,0,19.5,23,0,0,23,0,0,26.5,23.5,0,0,23.5,0,0,0,0,0,22,0,0,23.5,0,0,0,0,0,26.5,23.5,0,0,23.5,0,0,0,0,0,22.5,0,0,23.5,0,0,0,0,0,20,17,0,0,17,0,0,0,0,0,16,0,0,17,0,0,0,0,0,20.5,17.5,0,0,17.5,0,0,0,0,0,16.5,0,0,17.5,0,0,0,0,0,26,23,0,0,23,0,0,0,0,0,26,22,0,0,23,0,0,0,0,0,26,23,0,0,23,0,0,0,0,0,26,22,0,0,23,0,0,0,0,0,26,23,0,0,23,0,0,0,0,0,26,22,0,0,23,0,0,0,0,0
Ch52,19.5,16.5,0,0,19.5,17.5,0,0,17.5,0,0,20,17,0,0,17,0,0,0,0,0,15.5,0,0,17,0,0,0,0,0,22,19,0,0,19,0,0,0,0,0,18,0,0,19,0,0,0,0,0,19.5,16.5,0,0,16.5,0,0,0,0,0,15.5,0,0,16.5,0,0,0,0,0,20.5,17.5,0,0,17.5,0,0,0,0,0,16.5,0,0,17.5,0,0,0,0,0,20,17,0,0,17,0,0,0,0,0,20,16,0,0,17,0,0,0,0,0,20,17,0,0,17,0,0,0,0,0,20,16,0,0,17,0,0,0,0,0,20,17,0,0,17,0,0,0,0,0,20,16,0,0,17,0,0,0,0,0
Ch56,19.5,16.5,0,0,19.5,17.5,0,0,17.5,0,0,20,17,0,0,17,0,0,0,0,0,15.5,0,0,17,0,0,0,0,0,22,19,0,0,19,0,0,0,0,0,18,0,0,19,0,0,0,0,0,19.5,16.5,0,0,16.5,0,0,0,0,0,15.5,0,0,16.5,0,0,0,0,0,20.5,17.5,0,0,17.5,0,0,0,0,0,16.5,0,0,17.5,0,0,0,0,0,20,17,0,0,17,0,0,0,0,0,20,16,0,0,17,0,0,0,0,0,20,17,0,0,17,0,0,0,0,0,20,16,0,0,17,0,0,0,0,0,20,17,0,0,17,0,0,0,0,0,20,16,0,0,17,0,0,0,0,0
Ch60,19.5,16.5,0,0,19.5,17.5,0,0,17.5,0,0,20,17,0,0,17,0,0,0,0,0,15.5,0,0,17,0,0,0,0,0,22,19,0,0,19,0,0,0,0,0,18,0,0,19,0,0,0,0,0,19.5,16.5,0,0,16.5,0,0,0,0,0,15.5,0,0,16.5,0,0,0,0,0,20.5,17.5,0,0,17.5,0,0,0,0,0,16.5,0,0,17.5,0,0,0,0,0,20,17,0,0,17,0,0,0,0,0,20,16,0,0,17,0,0,0,0,0,20,17,0,0,17,0,0,0,0,0,20,16,0,0,17,0,0,0,0,0,20,17,0,0,17,0,0,0,0,0,20,16,0,0,17,0,0,0,0,0
Ch64,19.5,16.5,0,0,19.5,17.5,0,0,17.5,0,0,20,17,0,0,17,0,0,0,0,0,15.5,0,0,17,0,0,0,0,0,23,20,0,0,20,0,0,0,0,0,19,0,0,20,0,0,0,0,0,19.5,16.5,0,0,16.5,0,0,0,0,0,15.5,0,0,16.5,0,0,0,0,0,20.5,17.5,0,0,17.5,0,0,0,0,0,16.5,0,0,17.5,0,0,0,0,0,20,17,0,0,17,0,0,0,0,0,20,16,0,0,17,0,0,0,0,0,20,17,0,0,17,0,0,0,0,0,20,16,0,0,17,0,0,0,0,0,20,17,0,0,17,0,0,0,0,0,20,16,0,0,17,0,0,0,0,0
Ch68,19.5,16.5,0,0,19.5,17.5,0,0,17.5,0,0,20,17,0,0,17,0,0,0,0,0,15.5,0,0,17,0,0,0,0,0,23,20,0,0,20,0,0,0,0,0,19,0,0,20,0,0,0,0,0,19.5,16.5,0,0,16.5,0,0,0,0,0,15.5,0,0,16.5,0,0,0,0,0,20.5,17.5,0,0,17.5,0,0,0,0,0,16.5,0,0,17.5,0,0,0,0,0,20,17,0,0,17,0,0,0,0,0,20,16,0,0,17,0,0,0,0,0,20,17,0,0,17,0,0,0,0,0,20,16,0,0,17,0,0,0,0,0,20,17,0,0,17,0,0,0,0,0,20,16,0,0,17,0,0,0,0,0
Ch72,19.5,16.5,0,0,19.5,17.5,0,0,17.5,0,0,20,17,0,0,17,0,0,0,0,0,15.5,0,0,17,0,0,0,0,0,23,20,0,0,20,0,0,0,0,0,19,0,0,20,0,0,0,0,0,19.5,16.5,0,0,16.5,0,0,0,0,0,15.5,0,0,16.5,0,0,0,0,0,20.5,17.5,0,0,17.5,0,0,0,0,0,16.5,0,0,17.5,0,0,0,0,0,20,17,0,0,17,0,0,0,0,0,20,16,0,0,17,0,0,0,0,0,20,17,0,0,17,0,0,0,0,0,20,16,0,0,17,0,0,0,0,0,20,17,0,0,17,0,0,0,0,0,20,16,0,0,17,0,0,0,0,0
Ch76,19.5,16.5,0,0,19.5,17.5,0,0,17.5,0,0,20,17,0,0,17,0,0,0,0,0,15.5,0,0,17,0,0,0,0,0,23,20,0,0,20,0,0,0,0,0,19,0,0,20,0,0,0,0,0,19.5,16.5,0,0,16.5,0,0,0,0,0,15.5,0,0,16.5,0,0,0,0,0,20.5,17.5,0,0,17.5,0,0,0,0,0,16.5,0,0,17.5,0,0,0,0,0,20,17,0,0,17,0,0,0,0,0,20,16,0,0,17,0,0,0,0,0,20,17,0,0,17,0,0,0,0,0,20,16,0,0,17,0,0,0,0,0,20,17,0,0,17,0,0,0,0,0,20,16,0,0,17,0,0,0,0,0
Ch80,19.5,16.5,0,0,19.5,17.5,0,0,17.5,0,0,20,17,0,0,17,0,0,0,0,0,15.5,0,0,17,0,0,0,0,0,23,20,0,0,20,0,0,0,0,0,19,0,0,20,0,0,0,0,0,19.5,16.5,0,0,16.5,0,0,0,0,0,15.5,0,0,16.5,0,0,0,0,0,20.5,17.5,0,0,17.5,0,0,0,0,0,16.5,0,0,17.5,0,0,0,0,0,20,17,0,0,17,0,0,0,0,0,20,16,0,0,17,0,0,0,0,0,20,17,0,0,17,0,0,0,0,0,20,16,0,0,17,0,0,0,0,0,20,17,0,0,17,0,0,0,0,0,20,16,0,0,17,0,0,0,0,0
Ch84,19.5,16.5,0,0,19.5,17.5,0,0,17.5,0,0,20,17,0,0,17,0,0,0,0,0,15.5,0,0,17,0,0,0,0,0,23,20,0,0,20,0,0,0,0,0,19,0,0,20,0,0,0,0,0,19.5,16.5,0,0,16.5,0,0,0,0,0,15.5,0,0,16.5,0,0,0,0,0,20.5,17.5,0,0,17.5,0,0,0,0,0,16.5,0,0,17.5,0,0,0,0,0,20,17,0,0,17,0,0,0,0,0,20,16,0,0,17,0,0,0,0,0,20,17,0,0,17,0,0,0,0,0,20,16,0,0,17,0,0,0,0,0,20,17,0,0,17,0,0,0,0,0,20,16,0,0,17,0,0,0,0,0
Ch88,19.5,16.5,0,0,19.5,17.5,0,0,17.5,0,0,20,17,0,0,17,0,0,0,0,0,15.5,0,0,17,0,0,0,0,0,23,20,0,0,20,0,0,0,0,0,19,0,0,20,0,0,0,0,0,19.5,16.5,0,0,16.5,0,0,0,0,0,15.5,0,0,16.5,0,0,0,0,0,20.5,17.5,0,0,17.5,0,0,0,0,0,16.5,0,0,17.5,0,0,0,0,0,20,17,0,0,17,0,0,0,0,0,20,16,0,0,17,0,0,0,0,0,20,17,0,0,17,0,0,0,0,0,20,16,0,0,17,0,0,0,0,0,20,17,0,0,17,0,0,0,0,0,20,16,0,0,17,0,0,0,0,0
Ch92,19.5,16.5,0,0,19.5,17.5,0,0,17.5,0,0,20,17,0,0,17,0,0,0,0,0,15.5,0,0,17,0,0,0,0,0,23,20,0,0,20,0,0,0,0,0,19,0,0,20,0,0,0,0,0,19.5,16.5,0,0,16.5,0,0,0,0,0,15.5,0,0,16.5,0,0,0,0,0,20.5,17.5,0,0,17.5,0,0,0,0,0,16.5,0,0,17.5,0,0,0,0,0,20,17,0,0,17,0,0,0,0,0,20,16,0,0,17,0,0,0,0,0,20,17,0,0,17,0,0,0,0,0,20,16,0,0,17,0,0,0,0,0,20,17,0,0,17,0,0,0,0,0,20,16,0,0,17,0,0,0,0,0
Ch96,19.5,16.5,0,0,19.5,17.5,0,0,17.5,0,0,20,17,0,0,17,0,0,0,0,0,15.5,0,0,17,0,0,0,0,0,23,20,0,0,20,0,0,0,0,0,19,0,0,20,0,0,0,0,0,19.5,16.5,0,0,16.5,0,0,0,0,0,15.5,0,0,16.5,0,0,0,0,0,20.5,17.5,0,0,17.5,0,0,0,0,0,16.5,0,0,17.5,0,0,0,0,0,20,17,0,0,17,0,0,0,0,0,20,16.5,0,0,17,0,0,0,0,0,20,17,0,0,17,0,0,0,0,0,20,16,0,0,17,0,0,0,0,0,20,17,0,0,17,0,0,0,0,0,20,16,0,0,17,0,0,0,0,0
Ch100,26,23,0,0,19.5,17.5,0,0,17.5,0,0,21,18,0,0,18,0,0,0,0,0,17,0,0,18,0,0,0,0,0,22,19,0,0,19,0,0,0,0,0,18,0,0,19,0,0,0,0,0,21.5,18.5,0,0,18.5,0,0,0,0,0,17.5,0,0,18.5,0,0,0,0,0,26.5,23.5,0,0,23.5,0,0,0,0,0,22.5,0,0,23.5,0,0,0,0,0,20.5,17.5,0,0,17.5,0,0,0,0,0,20.5,16.5,0,0,17.5,0,0,0,0,0,20.5,17.5,0,0,17.5,0,0,0,0,0,20.5,16.5,0,0,17.5,0,0,0,0,0,20.5,17.5,0,0,17.5,0,0,0,0,0,20.5,16.5,0,0,17.5,0,0,0,0,0
Ch104,26,23,0,0,19.5,17.5,0,0,17.5,0,0,21,18,0,0,18,0,0,0,0,0,17,0,0,18,0,0,0,0,0,22.5,19.5,0,0,19.5,0,0,0,0,0,18.5,0,0,19.5,0,0,0,0,0,21.5,18.5,0,0,18.5,0,0,0,0,0,17.5,0,0,18.5,0,0,0,0,0,26.5,23.5,0,0,23.5,0,0,0,0,0,22.5,0,0,23.5,0,0,0,0,0,20.5,17.5,0,0,17.5,0,0,0,0,0,20.5,16.5,0,0,17.5,0,0,0,0,0,20.5,17.5,0,0,17.5,0,0,0,0,0,20.5,16.5,0,0,17.5,0,0,0,0,0,20.5,17.5,0,0,17.5,0,0,0,0,0,20.5,16.5,0,0,17.5,0,0,0,0,0
Ch108,26,23,0,0,19.5,17.5,0,0,17.5,0,0,21,18,0,0,18,0,0,0,0,0,17,0,0,18,0,0,0,0,0,22.5,19.5,0,0,19.5,0,0,0,0,0,18.5,0,0,19.5,0,0,0,0,0,21.5,18.5,0,0,18.5,0,0,0,0,0,17.5,0,0,18.5,0,0,0,0,0,26.5,23.5,0,0,23.5,0,0,0,0,0,22.5,0,0,23.5,0,0,0,0,0,20.5,17.5,0,0,17.5,0,0,0,0,0,20.5,16.5,0,0,17.5,0,0,0,0,0,20.5,17.5,0,0,17.5,0,0,0,0,0,20.5,16.5,0,0,17.5,0,0,0,0,0,20.5,17.5,0,0,17.5,0,0,0,0,0,20.5,16.5,0,0,17.5,0,0,0,0,0
Ch112,26,23,0,0,19.5,17.5,0,0,17.5,0,0,21,18,0,0,18,0,0,0,0,0,17,0,0,18,0,0,0,0,0,22.5,19.5,0,0,19.5,0,0,0,0,0,18.5,0,0,19.5,0,0,0,0,0,21.5,18.5,0,0,18.5,0,0,0,0,0,17.5,0,0,18.5,0,0,0,0,0,26.5,23.5,0,0,23.5,0,0,0,0,0,22.5,0,0,23.5,0,0,0,0,0,20.5,17.5,0,0,17.5,0,0,0,0,0,20.5,16.5,0,0,17.5,0,0,0,0,0,20.5,17.5,0,0,17.5,0,0,0,0,0,20.5,16.5,0,0,17.5,0,0,0,0,0,20.5,17.5,0,0,17.5,0,0,0,0,0,20.5,16.5,0,0,17.5,0,0,0,0,0
Ch116,26,23,0,0,19.5,17.5,0,0,17.5,0,0,20.5,17.5,0,0,17.5,0,0,0,0,0,16.5,0,0,17.5,0,0,0,0,0,22.5,19.5,0,0,19.5,0,0,0,0,0,18.5,0,0,19.5,0,0,0,0,0,23.5,20.5,0,0,20.5,0,0,0,0,0,19.5,0,0,20.5,0,0,0,0,0,26.5,23.5,0,0,23.5,0,0,0,0,0,22.5,0,0,23.5,0,0,0,0,0,20.5,17.5,0,0,17.5,0,0,0,0,0,20.5,16.5,0,0,17.5,0,0,0,0,0,20.5,17.5,0,0,17.5,0,0,0,0,0,20.5,16.5,0,0,17.5,0,0,0,0,0,20.5,17.5,0,0,17.5,0,0,0,0,0,20.5,16.5,0,0,17.5,0,0,0,0,0
Ch120,26,23,0,0,19.5,17.5,0,0,17.5,0,0,20.5,17.5,0,0,17.5,0,0,0,0,0,16.5,0,0,17.5,0,0,0,0,0,22.5,19.5,0,0,19.5,0,0,0,0,0,18.5,0,0,19.5,0,0,0,0,0,23.5,20.5,0,0,20.5,0,0,0,0,0,19.5,0,0,20.5,0,0,0,0,0,26.5,23.5,0,0,23.5,0,0,0,0,0,22.5,0,0,23.5,0,0,0,0,0,20.5,17.5,0,0,17.5,0,0,0,0,0,20.5,16.5,0,0,17.5,0,0,0,0,0,20.5,17.5,0,0,17.5,0,0,0,0,0,20.5,16.5,0,0,17.5,0,0,0,0,0,20.5,17.5,0,0,17.5,0,0,0,0,0,20.5,16.5,0,0,17.5,0,0,0,0,0
Ch124,26,23,0,0,19.5,17.5,0,0,17.5,0,0,20.5,17.5,0,0,17.5,0,0,0,0,0,16.5,0,0,17.5,0,0,0,0,0,22.5,19.5,0,0,19.5,0,0,0,0,0,18.5,0,0,19.5,0,0,0,0,0,23.5,20.5,0,0,20.5,0,0,0,0,0,19.5,0,0,20.5,0,0,0,0,0,26.5,23.5,0,0,23.5,0,0,0,0,0,22.5,0,0,23.5,0,0,0,0,0,20.5,17.5,0,0,17.5,0,0,0,0,0,20.5,16.5,0,0,17.5,0,0,0,0,0,20.5,17.5,0,0,17.5,0,0,0,0,0,20.5,16.5,0,0,17.5,0,0,0,0,0,20.5,17.5,0,0,17.5,0,0,0,0,0,20.5,16.5,0,0,17.5,0,0,0,0,0
Ch128,26,23,0,0,19.5,17.5,0,0,17.5,0,0,20.5,17.5,0,0,17.5,0,0,0,0,0,16.5,0,0,17.5,0,0,0,0,0,22.5,19.5,0,0,19.5,0,0,0,0,0,18.5,0,0,19.5,0,0,0,0,0,23.5,20.5,0,0,20.5,0,0,0,0,0,19.5,0,0,20.5,0,0,0,0,0,26.5,23.5,0,0,23.5,0,0,0,0,0,22.5,0,0,23.5,0,0,0,0,0,20.5,17.5,0,0,17.5,0,0,0,0,0,20.5,16.5,0,0,17.5,0,0,0,0,0,20.5,17.5,0,0,17.5,0,0,0,0,0,20.5,16.5,0,0,17.5,0,0,0,0,0,20.5,17.5,0,0,17.5,0,0,0,0,0,20.5,16.5,0,0,17.5,0,0,0,0,0
Ch132,26,23,0,0,19.5,17.5,0,0,17.5,0,0,20.5,17.5,0,0,17.5,0,0,0,0,0,16.5,0,0,17.5,0,0,0,0,0,22.5,19.5,0,0,19.5,0,0,0,0,0,18.5,0,0,19.5,0,0,0,0,0,24,21,0,0,21,0,0,0,0,0,20,0,0,21,0,0,0,0,0,26.5,23.5,0,0,23.5,0,0,0,0,0,22.5,0,0,23.5,0,0,0,0,0,20.5,17.5,0,0,17.5,0,0,0,0,0,20.5,16.5,0,0,17.5,0,0,0,0,0,20.5,17.5,0,0,17.5,0,0,0,0,0,20.5,16.5,0,0,17.5,0,0,0,0,0,20.5,17.5,0,0,17.5,0,0,0,0,0,20.5,16.5,0,0,17.5,0,0,0,0,0
Ch136,26,23,0,0,19.5,17.5,0,0,17.5,0,0,20.5,17.5,0,0,17.5,0,0,0,0,0,16.5,0,0,17.5,0,0,0,0,0,22.5,19.5,0,0,19.5,0,0,0,0,0,18.5,0,0,19.5,0,0,0,0,0,24,21,0,0,21,0,0,0,0,0,20,0,0,21,0,0,0,0,0,26.5,23.5,0,0,23.5,0,0,0,0,0,22.5,0,0,23.5,0,0,0,0,0,20.5,17.5,0,0,17.5,0,0,0,0,0,20.5,16.5,0,0,17.5,0,0,0,0,0,20.5,17.5,0,0,17.5,0,0,0,0,0,20.5,16.5,0,0,17.5,0,0,0,0,0,20.5,17.5,0,0,17.5,0,0,0,0,0,20.5,16.5,0,0,17.5,0,0,0,0,0
Ch140,26,23,0,0,19.5,17.5,0,0,17.5,0,0,20.5,17.5,0,0,17.5,0,0,0,0,0,16.5,0,0,17.5,0,0,0,0,0,22.5,19.5,0,0,19.5,0,0,0,0,0,18.5,0,0,19.5,0,0,0,0,0,24,21,0,0,21,0,0,0,0,0,20,0,0,21,0,0,0,0,0,26.5,23.5,0,0,23.5,0,0,0,0,0,22.5,0,0,23.5,0,0,0,0,0,20.5,17.5,0,0,17.5,0,0,0,0,0,20.5,16.5,0,0,17.5,0,0,0,0,0,20.5,17.5,0,0,17.5,0,0,0,0,0,20.5,16.5,0,0,17.5,0,0,0,0,0,20.5,17.5,0,0,17.5,0,0,0,0,0,20.5,16.5,0,0,17.5,0,0,0,0,0
Ch144,26,23,0,0,19.5,17.5,0,0,17.5,0,0,20.5,17.5,0,0,17.5,0,0,0,0,0,16.5,0,0,17.5,0,0,0,0,0,22.5,19.5,0,0,19.5,0,0,0,0,0,18.5,0,0,19.5,0,0,0,0,0,24,21,0,0,21,0,0,0,0,0,20,0,0,21,0,0,0,0,0,26.5,23.5,0,0,23.5,0,0,0,0,0,22.5,0,0,23.5,0,0,0,0,0,20.5,17.5,0,0,17.5,0,0,0,0,0,20.5,16.5,0,0,17.5,0,0,0,0,0,20.5,17.5,0,0,17.5,0,0,0,0,0,20.5,16.5,0,0,17.5,0,0,0,0,0,26.5,23.5,0,0,23.5,0,0,0,0,0,26.5,22.5,0,0,23.5,0,0,0,0,0
Ch149,26,23,0,0,26.5,23.5,0,0,23.5,0,0,26.5,23.5,0,0,23.5,0,0,0,0,0,22.5,0,0,23.5,0,0,0,0,0,22.5,19.5,0,0,19.5,0,0,0,0,0,18.5,0,0,19.5,0,0,0,0,0,24.5,21.5,0,0,21.5,0,0,0,0,0,20.5,0,0,21.5,0,0,0,0,0,26.5,23.5,0,0,23.5,0,0,0,0,0,22.5,0,0,23.5,0,0,0,0,0,26.5,23.5,0,0,23.5,0,0,0,0,0,26.5,22.5,0,0,23.5,0,0,0,0,0,26.5,23.5,0,0,23.5,0,0,0,0,0,26.5,22.5,0,0,23.5,0,0,0,0,0,26.5,23.5,0,0,23.5,0,0,0,0,0,26.5,22.5,0,0,23.5,0,0,0,0,0
Ch153,26,23,0,0,26.5,23.5,0,0,23.5,0,0,26.5,23.5,0,0,23.5,0,0,0,0,0,22.5,0,0,23.5,0,0,0,0,0,22.5,19.5,0,0,19.5,0,0,0,0,0,18.5,0,0,19.5,0,0,0,0,0,24.5,21.5,0,0,21.5,0,0,0,0,0,20.5,0,0,21.5,0,0,0,0,0,26.5,23.5,0,0,23.5,0,0,0,0,0,22.5,0,0,23.5,0,0,0,0,0,26.5,23.5,0,0,23.5,0,0,0,0,0,26.5,22.5,0,0,23.5,0,0,0,0,0,26.5,23.5,0,0,23.5,0,0,0,0,0,26.5,22.5,0,0,23.5,0,0,0,0,0,26.5,23.5,0,0,23.5,0,0,0,0,0,26.5,22.5,0,0,23.5,0,0,0,0,0
Ch157,26,23,0,0,26.5,23.5,0,0,23.5,0,0,26,23,0,0,23,0,0,0,0,0,22,0,0,23,0,0,0,0,0,22.5,19.5,0,0,19.5,0,0,0,0,0,18.5,0,0,19.5,0,0,0,0,0,24.5,21.5,0,0,21.5,0,0,0,0,0,20.5,0,0,21.5,0,0,0,0,0,26.5,23.5,0,0,23.5,0,0,0,0,0,22.5,0,0,23.5,0,0,0,0,0,26.5,23.5,0,0,23.5,0,0,0,0,0,26.5,22.5,0,0,23.5,0,0,0,0,0,26.5,23.5,0,0,23.5,0,0,0,0,0,26.5,22.5,0,0,23.5,0,0,0,0,0,26.5,23.5,0,0,23.5,0,0,0,0,0,26.5,22.5,0,0,23.5,0,0,0,0,0
Ch161,26,23,0,0,26.5,23.5,0,0,23.5,0,0,26,23,0,0,23,0,0,0,0,0,22,0,0,23,0,0,0,0,0,22.5,19.5,0,0,19.5,0,0,0,0,0,18.5,0,0,19.5,0,0,0,0,0,24.5,21.5,0,0,21.5,0,0,0,0,0,20.5,0,0,21.5,0,0,0,0,0,26.5,23.5,0,0,23.5,0,0,0,0,0,22.5,0,0,23.5,0,0,0,0,0,26.5,23.5,0,0,23.5,0,0,0,0,0,26.5,22.5,0,0,23.5,0,0,0,0,0,26.5,23.5,0,0,23.5,0,0,0,0,0,26.5,22.5,0,0,23.5,0,0,0,0,0,26.5,23.5,0,0,23.5,0,0,0,0,0,26.5,22.5,0,0,23.5,0,0,0,0,0
Ch165,26,23,0,0,26.5,23.5,0,0,23.5,0,0,25.5,22.5,0,0,22.5,0,0,0,0,0,21.5,0,0,22.5,0,0,0,0,0,22.5,19.5,0,0,19.5,0,0,0,0,0,18.5,0,0,19.5,0,0,0,0,0,24.5,21.5,0,0,21.5,0,0,0,0,0,20.5,0,0,21.5,0,0,0,0,0,26.5,23.5,0,0,23.5,0,0,0,0,0,22.5,0,0,23.5,0,0,0,0,0,26.5,23.5,0,0,23.5,0,0,0,0,0,26.5,22.5,0,0,23.5,0,0,0,0,0,26.5,23.5,0,0,23.5,0,0,0,0,0,26.5,22.5,0,0,23.5,0,0,0,0,0,26.5,23.5,0,0,23.5,0,0,0,0,0,26.5,22.5,0,0,23.5,0,0,0,0,0
Ch169,26,23,0,0,26.5,23.5,0,0,23.5,0,0,25.5,22.5,0,0,22.5,0,0,0,0,0,21.5,0,0,22.5,0,0,0,0,0,22.5,19.5,0,0,19.5,0,0,0,0,0,18.5,0,0,19.5,0,0,0,0,0,24.5,21.5,0,0,21.5,0,0,0,0,0,20.5,0,0,21.5,0,0,0,0,0,26.5,23.5,0,0,23.5,0,0,0,0,0,22.5,0,0,23.5,0,0,0,0,0,26.5,23.5,0,0,23.5,0,0,0,0,0,26.5,22.5,0,0,23.5,0,0,0,0,0,26.5,23.5,0,0,23.5,0,0,0,0,0,26.5,22.5,0,0,23.5,0,0,0,0,0,26.5,23.5,0,0,23.5,0,0,0,0,0,26.5,22.5,0,0,23.5,0,0,0,0,0
Ch173,26,23,0,0,26.5,23.5,0,0,23.5,0,0,25.5,22.5,0,0,22.5,0,0,0,0,0,21.5,0,0,22.5,0,0,0,0,0,22.5,19.5,0,0,19.5,0,0,0,0,0,18.5,0,0,19.5,0,0,0,0,0,24.5,21.5,0,0,21.5,0,0,0,0,0,20.5,0,0,21.5,0,0,0,0,0,26.5,23.5,0,0,23.5,0,0,0,0,0,22.5,0,0,23.5,0,0,0,0,0,26.5,23.5,0,0,23.5,0,0,0,0,0,26.5,22.5,0,0,23.5,0,0,0,0,0,26.5,23.5,0,0,23.5,0,0,0,0,0,26.5,22.5,0,0,23.5,0,0,0,0,0,26.5,23.5,0,0,23.5,0,0,0,0,0,26.5,22.5,0,0,23.5,0,0,0,0,0
Ch177,26,23,0,0,26.5,23.5,0,0,23.5,0,0,25.5,22.5,0,0,22.5,0,0,0,0,0,21.5,0,0,22.5,0,0,0,0,0,22.5,19.5,0,0,19.5,0,0,0,0,0,18.5,0,0,19.5,0,0,0,0,0,24.5,21.5,0,0,21.5,0,0,0,0,0,20.5,0,0,21.5,0,0,0,0,0,26.5,23.5,0,0,23.5,0,0,0,0,0,22.5,0,0,23.5,0,0,0,0,0,26.5,23.5,0,0,23.5,0,0,0,0,0,26.5,22.5,0,0,23.5,0,0,0,0,0,26.5,23.5,0,0,23.5,0,0,0,0,0,26.5,22.5,0,0,23.5,0,0,0,0,0,26.5,23.5,0,0,23.5,0,0,0,0,0,26.5,22.5,0,0,23.5,0,0,0,0,0
Ch181,26,23,0,0,26.5,23.5,0,0,23.5,0,0,25.5,22.5,0,0,22.5,0,0,0,0,0,21.5,0,0,22.5,0,0,0,0,0,22.5,19.5,0,0,19.5,0,0,0,0,0,18.5,0,0,19.5,0,0,0,0,0,24.5,21.5,0,0,21.5,0,0,0,0,0,20.5,0,0,21.5,0,0,0,0,0,26.5,23.5,0,0,23.5,0,0,0,0,0,22.5,0,0,23.5,0,0,0,0,0,26.5,23.5,0,0,23.5,0,0,0,0,0,26.5,22.5,0,0,23.5,0,0,0,0,0,26.5,23.5,0,0,23.5,0,0,0,0,0,26.5,22.5,0,0,23.5,0,0,0,0,0,26.5,23.5,0,0,23.5,0,0,0,0,0,26.5,22.5,0,0,23.5,0,0,0,0,0
