# SKU Power Limit Table (unit is 0.5 dBm),,,,,,,,,,,,,,,,,,,,,,,,,,,,,,,,,,,,,,,,,,,,,,,,,,,,,,,,,,,,,,,,,,,,,,,,,,,,,,,,,,,,,,,,,,,,,,,,,,,,,,,,,,,,,,,,,,,,,,,,,,,,,,,,,,,,,,,,,,,,,,,,,
# 2.4G Channel,CCK,,,,OFDM,,,,,,,,BW20 (HT/VHT),,,,,,,,,,,,BW40 (HT/VHT),,,,,,,,,,,,,BW80 (HT/VHT),,,,,,,,,,,,BW160 (HT/VHT),,,,,,,,,,,,RU26,,,,,,,,,,,,RU52,,,,,,,,,,,,RU106,,,,,,,,,,,,RU242,,,,,,,,,,,,RU484,,,,,,,,,,,,RU996,,,,,,,,,,,,RU996X2,,,,,,,,,,,
Band: 2.4G,CCK_1M,CCK_2M,CCK_5.5M,CCK_11M,OFDM_6M,OFDM_9M,OFDM_12M,OFDM_18M,OFDM_24M,OFDM36M,OFDM_48M,OFDM_54M,M0,M1,M2,M3,M4,M5,M6,M7,M8,M9,M10,M11,M0,M1,M2,M3,M4,M5,M6,M7,M8,M9,M10,M11,HT40_MCS32,M0,M1,M2,M3,M4,M5,M6,M7,M8,M9,M10,M11,M0,M1,M2,M3,M4,M5,M6,M7,M8,M9,M10,M11,M0,M1,M2,M3,M4,M5,M6,M7,M8,M9,M10,M11,M0,M1,M2,M3,M4,M5,M6,M7,M8,M9,M10,M11,M0,M1,M2,M3,M4,M5,M6,M7,M8,M9,M10,M11,M0,M1,M2,M3,M4,M5,M6,M7,M8,M9,M10,M11,M0,M1,M2,M3,M4,M5,M6,M7,M8,M9,M10,M11,M0,M1,M2,M3,M4,M5,M6,M7,M8,M9,M10,M11,M0,M1,M2,M3,M4,M5,M6,M7,M8,M9,M10,M11
Ch1,14,14,14,14,15,15,15,15,15,15,15,15,15,15,15,15,15,15,15,15,15,15,15,15,15,15,15,15,15,15,15,15,15,15,15,15,15,15,15,15,15,15,15,15,15,15,15,15,15,15,15,15,15,15,15,15,15,15,15,15,15,15,15,15,15,15,15,15,15,15,15,15,15,15,15,15,15,15,15,15,15,15,15,15,15,15,15,15,15,15,15,15,15,15,15,15,15,15,15,15,15,15,15,15,15,15,15,15,15,15,15,15,15,15,15,15,15,15,15,15,15,15,15,15,15,15,15,15,15,15,15,15,15,15,15,15,15,15,15,15,15,15,15,15,15
Ch2,14,14,14,14,15,15,15,15,15,15,15,15,15,15,15,15,15,15,15,15,15,15,15,15,15,15,15,15,15,15,15,15,15,15,15,15,15,15,15,15,15,15,15,15,15,15,15,15,15,15,15,15,15,15,15,15,15,15,15,15,15,15,15,15,15,15,15,15,15,15,15,15,15,15,15,15,15,15,15,15,15,15,15,15,15,15,15,15,15,15,15,15,15,15,15,15,15,15,15,15,15,15,15,15,15,15,15,15,15,15,15,15,15,15,15,15,15,15,15,15,15,15,15,15,15,15,15,15,15,15,15,15,15,15,15,15,15,15,15,15,15,15,15,15,15
Ch3,14,14,14,14,15,15,15,15,15,15,15,15,15,15,15,15,15,15,15,15,15,15,15,15,15,15,15,15,15,15,15,15,15,15,15,15,15,15,15,15,15,15,15,15,15,15,15,15,15,15,15,15,15,15,15,15,15,15,15,15,15,15,15,15,15,15,15,15,15,15,15,15,15,15,15,15,15,15,15,15,15,15,15,15,15,15,15,15,15,15,15,15,15,15,15,15,15,15,15,15,15,15,15,15,15,15,15,15,15,15,15,15,15,15,15,15,15,15,15,15,15,15,15,15,15,15,15,15,15,15,15,15,15,15,15,15,15,15,15,15,15,15,15,15,15
Ch4,14,14,14,14,15,15,15,15,15,15,15,15,15,15,15,15,15,15,15,15,15,15,15,15,15,15,15,15,15,15,15,15,15,15,15,15,15,15,15,15,15,15,15,15,15,15,15,15,15,15,15,15,15,15,15,15,15,15,15,15,15,15,15,15,15,15,15,15,15,15,15,15,15,15,15,15,15,15,15,15,15,15,15,15,15,15,15,15,15,15,15,15,15,15,15,15,15,15,15,15,15,15,15,15,15,15,15,15,15,15,15,15,15,15,15,15,15,15,15,15,15,15,15,15,15,15,15,15,15,15,15,15,15,15,15,15,15,15,15,15,15,15,15,15,15
Ch5,14,14,14,14,15,15,15,15,15,15,15,15,15,15,15,15,15,15,15,15,15,15,15,15,15,15,15,15,15,15,15,15,15,15,15,15,15,15,15,15,15,15,15,15,15,15,15,15,15,15,15,15,15,15,15,15,15,15,15,15,15,15,15,15,15,15,15,15,15,15,15,15,15,15,15,15,15,15,15,15,15,15,15,15,15,15,15,15,15,15,15,15,15,15,15,15,15,15,15,15,15,15,15,15,15,15,15,15,15,15,15,15,15,15,15,15,15,15,15,15,15,15,15,15,15,15,15,15,15,15,15,15,15,15,15,15,15,15,15,15,15,15,15,15,15
Ch6,14,14,14,14,15,15,15,15,15,15,15,15,15,15,15,15,15,15,15,15,15,15,15,15,15,15,15,15,15,15,15,15,15,15,15,15,15,15,15,15,15,15,15,15,15,15,15,15,15,15,15,15,15,15,15,15,15,15,15,15,15,15,15,15,15,15,15,15,15,15,15,15,15,15,15,15,15,15,15,15,15,15,15,15,15,15,15,15,15,15,15,15,15,15,15,15,15,15,15,15,15,15,15,15,15,15,15,15,15,15,15,15,15,15,15,15,15,15,15,15,15,15,15,15,15,15,15,15,15,15,15,15,15,15,15,15,15,15,15,15,15,15,15,15,15
Ch7,14,14,14,14,15,15,15,15,15,15,15,15,15,15,15,15,15,15,15,15,15,15,15,15,15,15,15,15,15,15,15,15,15,15,15,15,15,15,15,15,15,15,15,15,15,15,15,15,15,15,15,15,15,15,15,15,15,15,15,15,15,15,15,15,15,15,15,15,15,15,15,15,15,15,15,15,15,15,15,15,15,15,15,15,15,15,15,15,15,15,15,15,15,15,15,15,15,15,15,15,15,15,15,15,15,15,15,15,15,15,15,15,15,15,15,15,15,15,15,15,15,15,15,15,15,15,15,15,15,15,15,15,15,15,15,15,15,15,15,15,15,15,15,15,15
Ch8,14,14,14,14,15,15,15,15,15,15,15,15,15,15,15,15,15,15,15,15,15,15,15,15,15,15,15,15,15,15,15,15,15,15,15,15,15,15,15,15,15,15,15,15,15,15,15,15,15,15,15,15,15,15,15,15,15,15,15,15,15,15,15,15,15,15,15,15,15,15,15,15,15,15,15,15,15,15,15,15,15,15,15,15,15,15,15,15,15,15,15,15,15,15,15,15,15,15,15,15,15,15,15,15,15,15,15,15,15,15,15,15,15,15,15,15,15,15,15,15,15,15,15,15,15,15,15,15,15,15,15,15,15,15,15,15,15,15,15,15,15,15,15,15,15
Ch9,14,14,14,14,15,15,15,15,15,15,15,15,15,15,15,15,15,15,15,15,15,15,15,15,15,15,15,15,15,15,15,15,15,15,15,15,15,15,15,15,15,15,15,15,15,15,15,15,15,15,15,15,15,15,15,15,15,15,15,15,15,15,15,15,15,15,15,15,15,15,15,15,15,15,15,15,15,15,15,15,15,15,15,15,15,15,15,15,15,15,15,15,15,15,15,15,15,15,15,15,15,15,15,15,15,15,15,15,15,15,15,15,15,15,15,15,15,15,15,15,15,15,15,15,15,15,15,15,15,15,15,15,15,15,15,15,15,15,15,15,15,15,15,15,15
Ch10,14,14,14,14,15,15,15,15,15,15,15,15,15,15,15,15,15,15,15,15,15,15,15,15,15,15,15,15,15,15,15,15,15,15,15,15,15,15,15,15,15,15,15,15,15,15,15,15,15,15,15,15,15,15,15,15,15,15,15,15,15,15,15,15,15,15,15,15,15,15,15,15,15,15,15,15,15,15,15,15,15,15,15,15,15,15,15,15,15,15,15,15,15,15,15,15,15,15,15,15,15,15,15,15,15,15,15,15,15,15,15,15,15,15,15,15,15,15,15,15,15,15,15,15,15,15,15,15,15,15,15,15,15,15,15,15,15,15,15,15,15,15,15,15,15
Ch11,14,14,14,14,15,15,15,15,15,15,15,15,15,15,15,15,15,15,15,15,15,15,15,15,15,15,15,15,15,15,15,15,15,15,15,15,15,15,15,15,15,15,15,15,15,15,15,15,15,15,15,15,15,15,15,15,15,15,15,15,15,15,15,15,15,15,15,15,15,15,15,15,15,15,15,15,15,15,15,15,15,15,15,15,15,15,15,15,15,15,15,15,15,15,15,15,15,15,15,15,15,15,15,15,15,15,15,15,15,15,15,15,15,15,15,15,15,15,15,15,15,15,15,15,15,15,15,15,15,15,15,15,15,15,15,15,15,15,15,15,15,15,15,15,15
Ch12,14,14,14,14,15,15,15,15,15,15,15,15,15,15,15,15,15,15,15,15,15,15,15,15,15,15,15,15,15,15,15,15,15,15,15,15,15,15,15,15,15,15,15,15,15,15,15,15,15,15,15,15,15,15,15,15,15,15,15,15,15,15,15,15,15,15,15,15,15,15,15,15,15,15,15,15,15,15,15,15,15,15,15,15,15,15,15,15,15,15,15,15,15,15,15,15,15,15,15,15,15,15,15,15,15,15,15,15,15,15,15,15,15,15,15,15,15,15,15,15,15,15,15,15,15,15,15,15,15,15,15,15,15,15,15,15,15,15,15,15,15,15,15,15,15
Ch13,14,14,14,14,15,15,15,15,15,15,15,15,15,15,15,15,15,15,15,15,15,15,15,15,15,15,15,15,15,15,15,15,15,15,15,15,15,15,15,15,15,15,15,15,15,15,15,15,15,15,15,15,15,15,15,15,15,15,15,15,15,15,15,15,15,15,15,15,15,15,15,15,15,15,15,15,15,15,15,15,15,15,15,15,15,15,15,15,15,15,15,15,15,15,15,15,15,15,15,15,15,15,15,15,15,15,15,15,15,15,15,15,15,15,15,15,15,15,15,15,15,15,15,15,15,15,15,15,15,15,15,15,15,15,15,15,15,15,15,15,15,15,15,15,15
Ch14,14,14,14,14,15,15,15,15,15,15,15,15,15,15,15,15,15,15,15,15,15,15,15,15,15,15,15,15,15,15,15,15,15,15,15,15,15,15,15,15,15,15,15,15,15,15,15,15,15,15,15,15,15,15,15,15,15,15,15,15,15,15,15,15,15,15,15,15,15,15,15,15,15,15,15,15,15,15,15,15,15,15,15,15,15,15,15,15,15,15,15,15,15,15,15,15,15,15,15,15,15,15,15,15,15,15,15,15,15,15,15,15,15,15,15,15,15,15,15,15,15,15,15,15,15,15,15,15,15,15,15,15,15,15,15,15,15,15,15,15,15,15,15,15,15
,,,,,,,,,,,,,,,,,,,,,,,,,,,,,,,,,,,,,,,,,,,,,,,,,,,,,,,,,,,,,,,,,,,,,,,,,,,,,,,,,,,,,,,,,,,,,,,,,,,,,,,,,,,,,,,,,,,,,,,,,,,,,,,,,,,,,,,,,,,,,,,,,
# 5G Channel,CCK,,,,OFDM,,,,,,,,BW20 (HT/VHT),,,,,,,,,,,,BW40 (HT/VHT),,,,,,,,,,,,,BW80 (HT/VHT),,,,,,,,,,,,BW160 (HT/VHT),,,,,,,,,,,,RU26,,,,,,,,,,,,RU52,,,,,,,,,,,,RU106,,,,,,,,,,,,RU242,,,,,,,,,,,,RU484,,,,,,,,,,,,RU996,,,,,,,,,,,,RU996X2,,,,,,,,,,,
Band: 5G,CCK_1M,CCK_2M,CCK_5.5M,CCK_11M,OFDM_6M,OFDM_9M,OFDM_12M,OFDM_18M,OFDM_24M,OFDM36M,OFDM_48M,OFDM_54M,M0,M1,M2,M3,M4,M5,M6,M7,M8,M9,M10,M11,M0,M1,M2,M3,M4,M5,M6,M7,M8,M9,M10,M11,HT40_MCS32,M0,M1,M2,M3,M4,M5,M6,M7,M8,M9,M10,M11,M0,M1,M2,M3,M4,M5,M6,M7,M8,M9,M10,M11,M0,M1,M2,M3,M4,M5,M6,M7,M8,M9,M10,M11,M0,M1,M2,M3,M4,M5,M6,M7,M8,M9,M10,M11,M0,M1,M2,M3,M4,M5,M6,M7,M8,M9,M10,M11,M0,M1,M2,M3,M4,M5,M6,M7,M8,M9,M10,M11,M0,M1,M2,M3,M4,M5,M6,M7,M8,M9,M10,M11,M0,M1,M2,M3,M4,M5,M6,M7,M8,M9,M10,M11,M0,M1,M2,M3,M4,M5,M6,M7,M8,M9,M10,M11
Ch184,17.5,17.5,17.5,17.5,17.5,17.5,17.5,17.5,17.5,17.5,17.5,17.5,17.5,17.5,17.5,17.5,17.5,17.5,17.5,17.5,17.5,17.5,17.5,17.5,17.5,17.5,17.5,17.5,17.5,17.5,17.5,17.5,17.5,17.5,17.5,17.5,17.5,17.5,17.5,17.5,17.5,17.5,17.5,17.5,17.5,17.5,17.5,17.5,17.5,17.5,17.5,17.5,17.5,17.5,17.5,17.5,17.5,17.5,17.5,17.5,17.5,17.5,17.5,17.5,17.5,17.5,17.5,17.5,17.5,17.5,17.5,17.5,17.5,17.5,17.5,17.5,17.5,17.5,17.5,17.5,17.5,17.5,17.5,17.5,17.5,17.5,17.5,17.5,17.5,17.5,17.5,17.5,17.5,17.5,17.5,17.5,17.5,17.5,17.5,17.5,17.5,17.5,17.5,17.5,17.5,17.5,17.5,17.5,17.5,17.5,17.5,17.5,17.5,17.5,17.5,17.5,17.5,17.5,17.5,17.5,17.5,17.5,17.5,17.5,17.5,17.5,17.5,17.5,17.5,17.5,17.5,17.5,17.5,17.5,17.5,17.5,17.5,17.5,17.5,17.5,17.5,17.5,17.5,17.5,17.5
Ch188,17.5,17.5,17.5,17.5,17.5,17.5,17.5,17.5,17.5,17.5,17.5,17.5,17.5,17.5,17.5,17.5,17.5,17.5,17.5,17.5,17.5,17.5,17.5,17.5,17.5,17.5,17.5,17.5,17.5,17.5,17.5,17.5,17.5,17.5,17.5,17.5,17.5,17.5,17.5,17.5,17.5,17.5,17.5,17.5,17.5,17.5,17.5,17.5,17.5,17.5,17.5,17.5,17.5,17.5,17.5,17.5,17.5,17.5,17.5,17.5,17.5,17.5,17.5,17.5,17.5,17.5,17.5,17.5,17.5,17.5,17.5,17.5,17.5,17.5,17.5,17.5,17.5,17.5,17.5,17.5,17.5,17.5,17.5,17.5,17.5,17.5,17.5,17.5,17.5,17.5,17.5,17.5,17.5,17.5,17.5,17.5,17.5,17.5,17.5,17.5,17.5,17.5,17.5,17.5,17.5,17.5,17.5,17.5,17.5,17.5,17.5,17.5,17.5,17.5,17.5,17.5,17.5,17.5,17.5,17.5,17.5,17.5,17.5,17.5,17.5,17.5,17.5,17.5,17.5,17.5,17.5,17.5,17.5,17.5,17.5,17.5,17.5,17.5,17.5,17.5,17.5,17.5,17.5,17.5,17.5
Ch192,17.5,17.5,17.5,17.5,17.5,17.5,17.5,17.5,17.5,17.5,17.5,17.5,17.5,17.5,17.5,17.5,17.5,17.5,17.5,17.5,17.5,17.5,17.5,17.5,17.5,17.5,17.5,17.5,17.5,17.5,17.5,17.5,17.5,17.5,17.5,17.5,17.5,17.5,17.5,17.5,17.5,17.5,17.5,17.5,17.5,17.5,17.5,17.5,17.5,17.5,17.5,17.5,17.5,17.5,17.5,17.5,17.5,17.5,17.5,17.5,17.5,17.5,17.5,17.5,17.5,17.5,17.5,17.5,17.5,17.5,17.5,17.5,17.5,17.5,17.5,17.5,17.5,17.5,17.5,17.5,17.5,17.5,17.5,17.5,17.5,17.5,17.5,17.5,17.5,17.5,17.5,17.5,17.5,17.5,17.5,17.5,17.5,17.5,17.5,17.5,17.5,17.5,17.5,17.5,17.5,17.5,17.5,17.5,17.5,17.5,17.5,17.5,17.5,17.5,17.5,17.5,17.5,17.5,17.5,17.5,17.5,17.5,17.5,17.5,17.5,17.5,17.5,17.5,17.5,17.5,17.5,17.5,17.5,17.5,17.5,17.5,17.5,17.5,17.5,17.5,17.5,17.5,17.5,17.5,17.5
Ch196,17.5,17.5,17.5,17.5,17.5,17.5,17.5,17.5,17.5,17.5,17.5,17.5,17.5,17.5,17.5,17.5,17.5,17.5,17.5,17.5,17.5,17.5,17.5,17.5,17.5,17.5,17.5,17.5,17.5,17.5,17.5,17.5,17.5,17.5,17.5,17.5,17.5,17.5,17.5,17.5,17.5,17.5,17.5,17.5,17.5,17.5,17.5,17.5,17.5,17.5,17.5,17.5,17.5,17.5,17.5,17.5,17.5,17.5,17.5,17.5,17.5,17.5,17.5,17.5,17.5,17.5,17.5,17.5,17.5,17.5,17.5,17.5,17.5,17.5,17.5,17.5,17.5,17.5,17.5,17.5,17.5,17.5,17.5,17.5,17.5,17.5,17.5,17.5,17.5,17.5,17.5,17.5,17.5,17.5,17.5,17.5,17.5,17.5,17.5,17.5,17.5,17.5,17.5,17.5,17.5,17.5,17.5,17.5,17.5,17.5,17.5,17.5,17.5,17.5,17.5,17.5,17.5,17.5,17.5,17.5,17.5,17.5,17.5,17.5,17.5,17.5,17.5,17.5,17.5,17.5,17.5,17.5,17.5,17.5,17.5,17.5,17.5,17.5,17.5,17.5,17.5,17.5,17.5,17.5,17.5
Ch8,17.5,17.5,17.5,17.5,17.5,17.5,17.5,17.5,17.5,17.5,17.5,17.5,17.5,17.5,17.5,17.5,17.5,17.5,17.5,17.5,17.5,17.5,17.5,17.5,17.5,17.5,17.5,17.5,17.5,17.5,17.5,17.5,17.5,17.5,17.5,17.5,17.5,17.5,17.5,17.5,17.5,17.5,17.5,17.5,17.5,17.5,17.5,17.5,17.5,17.5,17.5,17.5,17.5,17.5,17.5,17.5,17.5,17.5,17.5,17.5,17.5,17.5,17.5,17.5,17.5,17.5,17.5,17.5,17.5,17.5,17.5,17.5,17.5,17.5,17.5,17.5,17.5,17.5,17.5,17.5,17.5,17.5,17.5,17.5,17.5,17.5,17.5,17.5,17.5,17.5,17.5,17.5,17.5,17.5,17.5,17.5,17.5,17.5,17.5,17.5,17.5,17.5,17.5,17.5,17.5,17.5,17.5,17.5,17.5,17.5,17.5,17.5,17.5,17.5,17.5,17.5,17.5,17.5,17.5,17.5,17.5,17.5,17.5,17.5,17.5,17.5,17.5,17.5,17.5,17.5,17.5,17.5,17.5,17.5,17.5,17.5,17.5,17.5,17.5,17.5,17.5,17.5,17.5,17.5,17.5
Ch12,17.5,17.5,17.5,17.5,17.5,17.5,17.5,17.5,17.5,17.5,17.5,17.5,17.5,17.5,17.5,17.5,17.5,17.5,17.5,17.5,17.5,17.5,17.5,17.5,17.5,17.5,17.5,17.5,17.5,17.5,17.5,17.5,17.5,17.5,17.5,17.5,17.5,17.5,17.5,17.5,17.5,17.5,17.5,17.5,17.5,17.5,17.5,17.5,17.5,17.5,17.5,17.5,17.5,17.5,17.5,17.5,17.5,17.5,17.5,17.5,17.5,17.5,17.5,17.5,17.5,17.5,17.5,17.5,17.5,17.5,17.5,17.5,17.5,17.5,17.5,17.5,17.5,17.5,17.5,17.5,17.5,17.5,17.5,17.5,17.5,17.5,17.5,17.5,17.5,17.5,17.5,17.5,17.5,17.5,17.5,17.5,17.5,17.5,17.5,17.5,17.5,17.5,17.5,17.5,17.5,17.5,17.5,17.5,17.5,17.5,17.5,17.5,17.5,17.5,17.5,17.5,17.5,17.5,17.5,17.5,17.5,17.5,17.5,17.5,17.5,17.5,17.5,17.5,17.5,17.5,17.5,17.5,17.5,17.5,17.5,17.5,17.5,17.5,17.5,17.5,17.5,17.5,17.5,17.5,17.5
Ch16,17.5,17.5,17.5,17.5,17.5,17.5,17.5,17.5,17.5,17.5,17.5,17.5,17.5,17.5,17.5,17.5,17.5,17.5,17.5,17.5,17.5,17.5,17.5,17.5,17.5,17.5,17.5,17.5,17.5,17.5,17.5,17.5,17.5,17.5,17.5,17.5,17.5,17.5,17.5,17.5,17.5,17.5,17.5,17.5,17.5,17.5,17.5,17.5,17.5,17.5,17.5,17.5,17.5,17.5,17.5,17.5,17.5,17.5,17.5,17.5,17.5,17.5,17.5,17.5,17.5,17.5,17.5,17.5,17.5,17.5,17.5,17.5,17.5,17.5,17.5,17.5,17.5,17.5,17.5,17.5,17.5,17.5,17.5,17.5,17.5,17.5,17.5,17.5,17.5,17.5,17.5,17.5,17.5,17.5,17.5,17.5,17.5,17.5,17.5,17.5,17.5,17.5,17.5,17.5,17.5,17.5,17.5,17.5,17.5,17.5,17.5,17.5,17.5,17.5,17.5,17.5,17.5,17.5,17.5,17.5,17.5,17.5,17.5,17.5,17.5,17.5,17.5,17.5,17.5,17.5,17.5,17.5,17.5,17.5,17.5,17.5,17.5,17.5,17.5,17.5,17.5,17.5,17.5,17.5,17.5
Ch36,17.5,17.5,17.5,17.5,17.5,17.5,17.5,17.5,17.5,17.5,17.5,17.5,17.5,17.5,17.5,17.5,17.5,17.5,17.5,17.5,17.5,17.5,17.5,17.5,17.5,17.5,17.5,17.5,17.5,17.5,17.5,17.5,17.5,17.5,17.5,17.5,17.5,17.5,17.5,17.5,17.5,17.5,17.5,17.5,17.5,17.5,17.5,17.5,17.5,17.5,17.5,17.5,17.5,17.5,17.5,17.5,17.5,17.5,17.5,17.5,17.5,17.5,17.5,17.5,17.5,17.5,17.5,17.5,17.5,17.5,17.5,17.5,17.5,17.5,17.5,17.5,17.5,17.5,17.5,17.5,17.5,17.5,17.5,17.5,17.5,17.5,17.5,17.5,17.5,17.5,17.5,17.5,17.5,17.5,17.5,17.5,17.5,17.5,17.5,17.5,17.5,17.5,17.5,17.5,17.5,17.5,17.5,17.5,17.5,17.5,17.5,17.5,17.5,17.5,17.5,17.5,17.5,17.5,17.5,17.5,17.5,17.5,17.5,17.5,17.5,17.5,17.5,17.5,17.5,17.5,17.5,17.5,17.5,17.5,17.5,17.5,17.5,17.5,17.5,17.5,17.5,17.5,17.5,17.5,17.5
Ch40,17.5,17.5,17.5,17.5,17.5,17.5,17.5,17.5,17.5,17.5,17.5,17.5,17.5,17.5,17.5,17.5,17.5,17.5,17.5,17.5,17.5,17.5,17.5,17.5,17.5,17.5,17.5,17.5,17.5,17.5,17.5,17.5,17.5,17.5,17.5,17.5,17.5,17.5,17.5,17.5,17.5,17.5,17.5,17.5,17.5,17.5,17.5,17.5,17.5,17.5,17.5,17.5,17.5,17.5,17.5,17.5,17.5,17.5,17.5,17.5,17.5,17.5,17.5,17.5,17.5,17.5,17.5,17.5,17.5,17.5,17.5,17.5,17.5,17.5,17.5,17.5,17.5,17.5,17.5,17.5,17.5,17.5,17.5,17.5,17.5,17.5,17.5,17.5,17.5,17.5,17.5,17.5,17.5,17.5,17.5,17.5,17.5,17.5,17.5,17.5,17.5,17.5,17.5,17.5,17.5,17.5,17.5,17.5,17.5,17.5,17.5,17.5,17.5,17.5,17.5,17.5,17.5,17.5,17.5,17.5,17.5,17.5,17.5,17.5,17.5,17.5,17.5,17.5,17.5,17.5,17.5,17.5,17.5,17.5,17.5,17.5,17.5,17.5,17.5,17.5,17.5,17.5,17.5,17.5,17.5
Ch44,17.5,17.5,17.5,17.5,17.5,17.5,17.5,17.5,17.5,17.5,17.5,17.5,17.5,17.5,17.5,17.5,17.5,17.5,17.5,17.5,17.5,17.5,17.5,17.5,17.5,17.5,17.5,17.5,17.5,17.5,17.5,17.5,17.5,17.5,17.5,17.5,17.5,17.5,17.5,17.5,17.5,17.5,17.5,17.5,17.5,17.5,17.5,17.5,17.5,17.5,17.5,17.5,17.5,17.5,17.5,17.5,17.5,17.5,17.5,17.5,17.5,17.5,17.5,17.5,17.5,17.5,17.5,17.5,17.5,17.5,17.5,17.5,17.5,17.5,17.5,17.5,17.5,17.5,17.5,17.5,17.5,17.5,17.5,17.5,17.5,17.5,17.5,17.5,17.5,17.5,17.5,17.5,17.5,17.5,17.5,17.5,17.5,17.5,17.5,17.5,17.5,17.5,17.5,17.5,17.5,17.5,17.5,17.5,17.5,17.5,17.5,17.5,17.5,17.5,17.5,17.5,17.5,17.5,17.5,17.5,17.5,17.5,17.5,17.5,17.5,17.5,17.5,17.5,17.5,17.5,17.5,17.5,17.5,17.5,17.5,17.5,17.5,17.5,17.5,17.5,17.5,17.5,17.5,17.5,17.5
Ch48,17.5,17.5,17.5,17.5,17.5,17.5,17.5,17.5,17.5,17.5,17.5,17.5,17.5,17.5,17.5,17.5,17.5,17.5,17.5,17.5,17.5,17.5,17.5,17.5,17.5,17.5,17.5,17.5,17.5,17.5,17.5,17.5,17.5,17.5,17.5,17.5,17.5,17.5,17.5,17.5,17.5,17.5,17.5,17.5,17.5,17.5,17.5,17.5,17.5,17.5,17.5,17.5,17.5,17.5,17.5,17.5,17.5,17.5,17.5,17.5,17.5,17.5,17.5,17.5,17.5,17.5,17.5,17.5,17.5,17.5,17.5,17.5,17.5,17.5,17.5,17.5,17.5,17.5,17.5,17.5,17.5,17.5,17.5,17.5,17.5,17.5,17.5,17.5,17.5,17.5,17.5,17.5,17.5,17.5,17.5,17.5,17.5,17.5,17.5,17.5,17.5,17.5,17.5,17.5,17.5,17.5,17.5,17.5,17.5,17.5,17.5,17.5,17.5,17.5,17.5,17.5,17.5,17.5,17.5,17.5,17.5,17.5,17.5,17.5,17.5,17.5,17.5,17.5,17.5,17.5,17.5,17.5,17.5,17.5,17.5,17.5,17.5,17.5,17.5,17.5,17.5,17.5,17.5,17.5,17.5
Ch52,17.5,17.5,17.5,17.5,17.5,17.5,17.5,17.5,17.5,17.5,17.5,17.5,17.5,17.5,17.5,17.5,17.5,17.5,17.5,17.5,17.5,17.5,17.5,17.5,17.5,17.5,17.5,17.5,17.5,17.5,17.5,17.5,17.5,17.5,17.5,17.5,17.5,17.5,17.5,17.5,17.5,17.5,17.5,17.5,17.5,17.5,17.5,17.5,17.5,17.5,17.5,17.5,17.5,17.5,17.5,17.5,17.5,17.5,17.5,17.5,17.5,17.5,17.5,17.5,17.5,17.5,17.5,17.5,17.5,17.5,17.5,17.5,17.5,17.5,17.5,17.5,17.5,17.5,17.5,17.5,17.5,17.5,17.5,17.5,17.5,17.5,17.5,17.5,17.5,17.5,17.5,17.5,17.5,17.5,17.5,17.5,17.5,17.5,17.5,17.5,17.5,17.5,17.5,17.5,17.5,17.5,17.5,17.5,17.5,17.5,17.5,17.5,17.5,17.5,17.5,17.5,17.5,17.5,17.5,17.5,17.5,17.5,17.5,17.5,17.5,17.5,17.5,17.5,17.5,17.5,17.5,17.5,17.5,17.5,17.5,17.5,17.5,17.5,17.5,17.5,17.5,17.5,17.5,17.5,17.5
Ch56,17.5,17.5,17.5,17.5,17.5,17.5,17.5,17.5,17.5,17.5,17.5,17.5,17.5,17.5,17.5,17.5,17.5,17.5,17.5,17.5,17.5,17.5,17.5,17.5,17.5,17.5,17.5,17.5,17.5,17.5,17.5,17.5,17.5,17.5,17.5,17.5,17.5,17.5,17.5,17.5,17.5,17.5,17.5,17.5,17.5,17.5,17.5,17.5,17.5,17.5,17.5,17.5,17.5,17.5,17.5,17.5,17.5,17.5,17.5,17.5,17.5,17.5,17.5,17.5,17.5,17.5,17.5,17.5,17.5,17.5,17.5,17.5,17.5,17.5,17.5,17.5,17.5,17.5,17.5,17.5,17.5,17.5,17.5,17.5,17.5,17.5,17.5,17.5,17.5,17.5,17.5,17.5,17.5,17.5,17.5,17.5,17.5,17.5,17.5,17.5,17.5,17.5,17.5,17.5,17.5,17.5,17.5,17.5,17.5,17.5,17.5,17.5,17.5,17.5,17.5,17.5,17.5,17.5,17.5,17.5,17.5,17.5,17.5,17.5,17.5,17.5,17.5,17.5,17.5,17.5,17.5,17.5,17.5,17.5,17.5,17.5,17.5,17.5,17.5,17.5,17.5,17.5,17.5,17.5,17.5
Ch60,17.5,17.5,17.5,17.5,17.5,17.5,17.5,17.5,17.5,17.5,17.5,17.5,17.5,17.5,17.5,17.5,17.5,17.5,17.5,17.5,17.5,17.5,17.5,17.5,17.5,17.5,17.5,17.5,17.5,17.5,17.5,17.5,17.5,17.5,17.5,17.5,17.5,17.5,17.5,17.5,17.5,17.5,17.5,17.5,17.5,17.5,17.5,17.5,17.5,17.5,17.5,17.5,17.5,17.5,17.5,17.5,17.5,17.5,17.5,17.5,17.5,17.5,17.5,17.5,17.5,17.5,17.5,17.5,17.5,17.5,17.5,17.5,17.5,17.5,17.5,17.5,17.5,17.5,17.5,17.5,17.5,17.5,17.5,17.5,17.5,17.5,17.5,17.5,17.5,17.5,17.5,17.5,17.5,17.5,17.5,17.5,17.5,17.5,17.5,17.5,17.5,17.5,17.5,17.5,17.5,17.5,17.5,17.5,17.5,17.5,17.5,17.5,17.5,17.5,17.5,17.5,17.5,17.5,17.5,17.5,17.5,17.5,17.5,17.5,17.5,17.5,17.5,17.5,17.5,17.5,17.5,17.5,17.5,17.5,17.5,17.5,17.5,17.5,17.5,17.5,17.5,17.5,17.5,17.5,17.5
Ch64,17.5,17.5,17.5,17.5,17.5,17.5,17.5,17.5,17.5,17.5,17.5,17.5,17.5,17.5,17.5,17.5,17.5,17.5,17.5,17.5,17.5,17.5,17.5,17.5,17.5,17.5,17.5,17.5,17.5,17.5,17.5,17.5,17.5,17.5,17.5,17.5,17.5,17.5,17.5,17.5,17.5,17.5,17.5,17.5,17.5,17.5,17.5,17.5,17.5,17.5,17.5,17.5,17.5,17.5,17.5,17.5,17.5,17.5,17.5,17.5,17.5,17.5,17.5,17.5,17.5,17.5,17.5,17.5,17.5,17.5,17.5,17.5,17.5,17.5,17.5,17.5,17.5,17.5,17.5,17.5,17.5,17.5,17.5,17.5,17.5,17.5,17.5,17.5,17.5,17.5,17.5,17.5,17.5,17.5,17.5,17.5,17.5,17.5,17.5,17.5,17.5,17.5,17.5,17.5,17.5,17.5,17.5,17.5,17.5,17.5,17.5,17.5,17.5,17.5,17.5,17.5,17.5,17.5,17.5,17.5,17.5,17.5,17.5,17.5,17.5,17.5,17.5,17.5,17.5,17.5,17.5,17.5,17.5,17.5,17.5,17.5,17.5,17.5,17.5,17.5,17.5,17.5,17.5,17.5,17.5
Ch68,17.5,17.5,17.5,17.5,17.5,17.5,17.5,17.5,17.5,17.5,17.5,17.5,17.5,17.5,17.5,17.5,17.5,17.5,17.5,17.5,17.5,17.5,17.5,17.5,17.5,17.5,17.5,17.5,17.5,17.5,17.5,17.5,17.5,17.5,17.5,17.5,17.5,17.5,17.5,17.5,17.5,17.5,17.5,17.5,17.5,17.5,17.5,17.5,17.5,17.5,17.5,17.5,17.5,17.5,17.5,17.5,17.5,17.5,17.5,17.5,17.5,17.5,17.5,17.5,17.5,17.5,17.5,17.5,17.5,17.5,17.5,17.5,17.5,17.5,17.5,17.5,17.5,17.5,17.5,17.5,17.5,17.5,17.5,17.5,17.5,17.5,17.5,17.5,17.5,17.5,17.5,17.5,17.5,17.5,17.5,17.5,17.5,17.5,17.5,17.5,17.5,17.5,17.5,17.5,17.5,17.5,17.5,17.5,17.5,17.5,17.5,17.5,17.5,17.5,17.5,17.5,17.5,17.5,17.5,17.5,17.5,17.5,17.5,17.5,17.5,17.5,17.5,17.5,17.5,17.5,17.5,17.5,17.5,17.5,17.5,17.5,17.5,17.5,17.5,17.5,17.5,17.5,17.5,17.5,17.5
Ch72,17.5,17.5,17.5,17.5,17.5,17.5,17.5,17.5,17.5,17.5,17.5,17.5,17.5,17.5,17.5,17.5,17.5,17.5,17.5,17.5,17.5,17.5,17.5,17.5,17.5,17.5,17.5,17.5,17.5,17.5,17.5,17.5,17.5,17.5,17.5,17.5,17.5,17.5,17.5,17.5,17.5,17.5,17.5,17.5,17.5,17.5,17.5,17.5,17.5,17.5,17.5,17.5,17.5,17.5,17.5,17.5,17.5,17.5,17.5,17.5,17.5,17.5,17.5,17.5,17.5,17.5,17.5,17.5,17.5,17.5,17.5,17.5,17.5,17.5,17.5,17.5,17.5,17.5,17.5,17.5,17.5,17.5,17.5,17.5,17.5,17.5,17.5,17.5,17.5,17.5,17.5,17.5,17.5,17.5,17.5,17.5,17.5,17.5,17.5,17.5,17.5,17.5,17.5,17.5,17.5,17.5,17.5,17.5,17.5,17.5,17.5,17.5,17.5,17.5,17.5,17.5,17.5,17.5,17.5,17.5,17.5,17.5,17.5,17.5,17.5,17.5,17.5,17.5,17.5,17.5,17.5,17.5,17.5,17.5,17.5,17.5,17.5,17.5,17.5,17.5,17.5,17.5,17.5,17.5,17.5
Ch76,17.5,17.5,17.5,17.5,17.5,17.5,17.5,17.5,17.5,17.5,17.5,17.5,17.5,17.5,17.5,17.5,17.5,17.5,17.5,17.5,17.5,17.5,17.5,17.5,17.5,17.5,17.5,17.5,17.5,17.5,17.5,17.5,17.5,17.5,17.5,17.5,17.5,17.5,17.5,17.5,17.5,17.5,17.5,17.5,17.5,17.5,17.5,17.5,17.5,17.5,17.5,17.5,17.5,17.5,17.5,17.5,17.5,17.5,17.5,17.5,17.5,17.5,17.5,17.5,17.5,17.5,17.5,17.5,17.5,17.5,17.5,17.5,17.5,17.5,17.5,17.5,17.5,17.5,17.5,17.5,17.5,17.5,17.5,17.5,17.5,17.5,17.5,17.5,17.5,17.5,17.5,17.5,17.5,17.5,17.5,17.5,17.5,17.5,17.5,17.5,17.5,17.5,17.5,17.5,17.5,17.5,17.5,17.5,17.5,17.5,17.5,17.5,17.5,17.5,17.5,17.5,17.5,17.5,17.5,17.5,17.5,17.5,17.5,17.5,17.5,17.5,17.5,17.5,17.5,17.5,17.5,17.5,17.5,17.5,17.5,17.5,17.5,17.5,17.5,17.5,17.5,17.5,17.5,17.5,17.5
Ch80,17.5,17.5,17.5,17.5,17.5,17.5,17.5,17.5,17.5,17.5,17.5,17.5,17.5,17.5,17.5,17.5,17.5,17.5,17.5,17.5,17.5,17.5,17.5,17.5,17.5,17.5,17.5,17.5,17.5,17.5,17.5,17.5,17.5,17.5,17.5,17.5,17.5,17.5,17.5,17.5,17.5,17.5,17.5,17.5,17.5,17.5,17.5,17.5,17.5,17.5,17.5,17.5,17.5,17.5,17.5,17.5,17.5,17.5,17.5,17.5,17.5,17.5,17.5,17.5,17.5,17.5,17.5,17.5,17.5,17.5,17.5,17.5,17.5,17.5,17.5,17.5,17.5,17.5,17.5,17.5,17.5,17.5,17.5,17.5,17.5,17.5,17.5,17.5,17.5,17.5,17.5,17.5,17.5,17.5,17.5,17.5,17.5,17.5,17.5,17.5,17.5,17.5,17.5,17.5,17.5,17.5,17.5,17.5,17.5,17.5,17.5,17.5,17.5,17.5,17.5,17.5,17.5,17.5,17.5,17.5,17.5,17.5,17.5,17.5,17.5,17.5,17.5,17.5,17.5,17.5,17.5,17.5,17.5,17.5,17.5,17.5,17.5,17.5,17.5,17.5,17.5,17.5,17.5,17.5,17.5
Ch84,17.5,17.5,17.5,17.5,17.5,17.5,17.5,17.5,17.5,17.5,17.5,17.5,17.5,17.5,17.5,17.5,17.5,17.5,17.5,17.5,17.5,17.5,17.5,17.5,17.5,17.5,17.5,17.5,17.5,17.5,17.5,17.5,17.5,17.5,17.5,17.5,17.5,17.5,17.5,17.5,17.5,17.5,17.5,17.5,17.5,17.5,17.5,17.5,17.5,17.5,17.5,17.5,17.5,17.5,17.5,17.5,17.5,17.5,17.5,17.5,17.5,17.5,17.5,17.5,17.5,17.5,17.5,17.5,17.5,17.5,17.5,17.5,17.5,17.5,17.5,17.5,17.5,17.5,17.5,17.5,17.5,17.5,17.5,17.5,17.5,17.5,17.5,17.5,17.5,17.5,17.5,17.5,17.5,17.5,17.5,17.5,17.5,17.5,17.5,17.5,17.5,17.5,17.5,17.5,17.5,17.5,17.5,17.5,17.5,17.5,17.5,17.5,17.5,17.5,17.5,17.5,17.5,17.5,17.5,17.5,17.5,17.5,17.5,17.5,17.5,17.5,17.5,17.5,17.5,17.5,17.5,17.5,17.5,17.5,17.5,17.5,17.5,17.5,17.5,17.5,17.5,17.5,17.5,17.5,17.5
Ch88,17.5,17.5,17.5,17.5,17.5,17.5,17.5,17.5,17.5,17.5,17.5,17.5,17.5,17.5,17.5,17.5,17.5,17.5,17.5,17.5,17.5,17.5,17.5,17.5,17.5,17.5,17.5,17.5,17.5,17.5,17.5,17.5,17.5,17.5,17.5,17.5,17.5,17.5,17.5,17.5,17.5,17.5,17.5,17.5,17.5,17.5,17.5,17.5,17.5,17.5,17.5,17.5,17.5,17.5,17.5,17.5,17.5,17.5,17.5,17.5,17.5,17.5,17.5,17.5,17.5,17.5,17.5,17.5,17.5,17.5,17.5,17.5,17.5,17.5,17.5,17.5,17.5,17.5,17.5,17.5,17.5,17.5,17.5,17.5,17.5,17.5,17.5,17.5,17.5,17.5,17.5,17.5,17.5,17.5,17.5,17.5,17.5,17.5,17.5,17.5,17.5,17.5,17.5,17.5,17.5,17.5,17.5,17.5,17.5,17.5,17.5,17.5,17.5,17.5,17.5,17.5,17.5,17.5,17.5,17.5,17.5,17.5,17.5,17.5,17.5,17.5,17.5,17.5,17.5,17.5,17.5,17.5,17.5,17.5,17.5,17.5,17.5,17.5,17.5,17.5,17.5,17.5,17.5,17.5,17.5
Ch92,17.5,17.5,17.5,17.5,17.5,17.5,17.5,17.5,17.5,17.5,17.5,17.5,17.5,17.5,17.5,17.5,17.5,17.5,17.5,17.5,17.5,17.5,17.5,17.5,17.5,17.5,17.5,17.5,17.5,17.5,17.5,17.5,17.5,17.5,17.5,17.5,17.5,17.5,17.5,17.5,17.5,17.5,17.5,17.5,17.5,17.5,17.5,17.5,17.5,17.5,17.5,17.5,17.5,17.5,17.5,17.5,17.5,17.5,17.5,17.5,17.5,17.5,17.5,17.5,17.5,17.5,17.5,17.5,17.5,17.5,17.5,17.5,17.5,17.5,17.5,17.5,17.5,17.5,17.5,17.5,17.5,17.5,17.5,17.5,17.5,17.5,17.5,17.5,17.5,17.5,17.5,17.5,17.5,17.5,17.5,17.5,17.5,17.5,17.5,17.5,17.5,17.5,17.5,17.5,17.5,17.5,17.5,17.5,17.5,17.5,17.5,17.5,17.5,17.5,17.5,17.5,17.5,17.5,17.5,17.5,17.5,17.5,17.5,17.5,17.5,17.5,17.5,17.5,17.5,17.5,17.5,17.5,17.5,17.5,17.5,17.5,17.5,17.5,17.5,17.5,17.5,17.5,17.5,17.5,17.5
Ch96,17.5,17.5,17.5,17.5,17.5,17.5,17.5,17.5,17.5,17.5,17.5,17.5,17.5,17.5,17.5,17.5,17.5,17.5,17.5,17.5,17.5,17.5,17.5,17.5,17.5,17.5,17.5,17.5,17.5,17.5,17.5,17.5,17.5,17.5,17.5,17.5,17.5,17.5,17.5,17.5,17.5,17.5,17.5,17.5,17.5,17.5,17.5,17.5,17.5,17.5,17.5,17.5,17.5,17.5,17.5,17.5,17.5,17.5,17.5,17.5,17.5,17.5,17.5,17.5,17.5,17.5,17.5,17.5,17.5,17.5,17.5,17.5,17.5,17.5,17.5,17.5,17.5,17.5,17.5,17.5,17.5,17.5,17.5,17.5,17.5,17.5,17.5,17.5,17.5,17.5,17.5,17.5,17.5,17.5,17.5,17.5,17.5,17.5,17.5,17.5,17.5,17.5,17.5,17.5,17.5,17.5,17.5,17.5,17.5,17.5,17.5,17.5,17.5,17.5,17.5,17.5,17.5,17.5,17.5,17.5,17.5,17.5,17.5,17.5,17.5,17.5,17.5,17.5,17.5,17.5,17.5,17.5,17.5,17.5,17.5,17.5,17.5,17.5,17.5,17.5,17.5,17.5,17.5,17.5,17.5
Ch100,23.5,23.5,23.5,23.5,23.5,23.5,23.5,23.5,22.5,22.5,21.5,20.5,23.5,23.5,23.5,22.5,22.5,21.5,20.5,20,19,19,17.5,17.5,23.5,23.5,23.5,22.5,22.5,21.5,20.5,20,19,19,17.5,17.5,20.5,23.5,23.5,23.5,22.5,22.5,21.5,20.5,20,19,19,17.5,17.5,23.5,23.5,23.5,22.5,22.5,21.5,20.5,20,19,19,17.5,17.5,23.5,23.5,23.5,22.5,22.5,21.5,20.5,20,19,19,17.5,17.5,23.5,23.5,23.5,22.5,22.5,21.5,20.5,20,19,19,17.5,17.5,23.5,23.5,23.5,22.5,22.5,21.5,20.5,20,19,19,17.5,17.5,23.5,23.5,23.5,22.5,22.5,21.5,20.5,20,19,19,17.5,17.5,23.5,23.5,23.5,22.5,22.5,21.5,20.5,20,19,19,17.5,17.5,23.5,23.5,23.5,22.5,22.5,21.5,20.5,20,19,19,17.5,17.5,23.5,23.5,23.5,22.5,22.5,21.5,20.5,20,19,19,17.5,17.5
Ch104,23.5,23.5,23.5,23.5,23.5,23.5,23.5,23.5,22.5,22.5,21.5,20.5,23.5,23.5,23.5,22.5,22.5,21.5,20.5,20,19,19,17.5,17.5,23.5,23.5,23.5,22.5,22.5,21.5,20.5,20,19,19,17.5,17.5,20.5,23.5,23.5,23.5,22.5,22.5,21.5,20.5,20,19,19,17.5,17.5,23.5,23.5,23.5,22.5,22.5,21.5,20.5,20,19,19,17.5,17.5,23.5,23.5,23.5,22.5,22.5,21.5,20.5,20,19,19,17.5,17.5,23.5,23.5,23.5,22.5,22.5,21.5,20.5,20,19,19,17.5,17.5,23.5,23.5,23.5,22.5,22.5,21.5,20.5,20,19,19,17.5,17.5,23.5,23.5,23.5,22.5,22.5,21.5,20.5,20,19,19,17.5,17.5,23.5,23.5,23.5,22.5,22.5,21.5,20.5,20,19,19,17.5,17.5,23.5,23.5,23.5,22.5,22.5,21.5,20.5,20,19,19,17.5,17.5,23.5,23.5,23.5,22.5,22.5,21.5,20.5,20,19,19,17.5,17.5
Ch108,23.5,23.5,23.5,23.5,23.5,23.5,23.5,23.5,22.5,22.5,21.5,20.5,23.5,23.5,23.5,22.5,22.5,21.5,20.5,20,19,19,17.5,17.5,23.5,23.5,23.5,22.5,22.5,21.5,20.5,20,19,19,17.5,17.5,20.5,23.5,23.5,23.5,22.5,22.5,21.5,20.5,20,19,19,17.5,17.5,23.5,23.5,23.5,22.5,22.5,21.5,20.5,20,19,19,17.5,17.5,23.5,23.5,23.5,22.5,22.5,21.5,20.5,20,19,19,17.5,17.5,23.5,23.5,23.5,22.5,22.5,21.5,20.5,20,19,19,17.5,17.5,23.5,23.5,23.5,22.5,22.5,21.5,20.5,20,19,19,17.5,17.5,23.5,23.5,23.5,22.5,22.5,21.5,20.5,20,19,19,17.5,17.5,23.5,23.5,23.5,22.5,22.5,21.5,20.5,20,19,19,17.5,17.5,23.5,23.5,23.5,22.5,22.5,21.5,20.5,20,19,19,17.5,17.5,23.5,23.5,23.5,22.5,22.5,21.5,20.5,20,19,19,17.5,17.5
Ch112,23.5,23.5,23.5,23.5,23.5,23.5,23.5,23.5,22.5,22.5,21.5,20.5,23.5,23.5,23.5,22.5,22.5,21.5,20.5,20,19,19,17.5,17.5,23.5,23.5,23.5,22.5,22.5,21.5,20.5,20,19,19,17.5,17.5,20.5,23.5,23.5,23.5,22.5,22.5,21.5,20.5,20,19,19,17.5,17.5,23.5,23.5,23.5,22.5,22.5,21.5,20.5,20,19,19,17.5,17.5,23.5,23.5,23.5,22.5,22.5,21.5,20.5,20,19,19,17.5,17.5,23.5,23.5,23.5,22.5,22.5,21.5,20.5,20,19,19,17.5,17.5,23.5,23.5,23.5,22.5,22.5,21.5,20.5,20,19,19,17.5,17.5,23.5,23.5,23.5,22.5,22.5,21.5,20.5,20,19,19,17.5,17.5,23.5,23.5,23.5,22.5,22.5,21.5,20.5,20,19,19,17.5,17.5,23.5,23.5,23.5,22.5,22.5,21.5,20.5,20,19,19,17.5,17.5,23.5,23.5,23.5,22.5,22.5,21.5,20.5,20,19,19,17.5,17.5
Ch116,23.5,23.5,23.5,23.5,23.5,23.5,23.5,23.5,22.5,22.5,21.5,20.5,23.5,23.5,23.5,22.5,22.5,21.5,20.5,20,19,19,17.5,17.5,23.5,23.5,23.5,22.5,22.5,21.5,20.5,20,19,19,17.5,17.5,20.5,23.5,23.5,23.5,22.5,22.5,21.5,20.5,20,19,19,17.5,17.5,23.5,23.5,23.5,22.5,22.5,21.5,20.5,20,19,19,17.5,17.5,23.5,23.5,23.5,22.5,22.5,21.5,20.5,20,19,19,17.5,17.5,23.5,23.5,23.5,22.5,22.5,21.5,20.5,20,19,19,17.5,17.5,23.5,23.5,23.5,22.5,22.5,21.5,20.5,20,19,19,17.5,17.5,23.5,23.5,23.5,22.5,22.5,21.5,20.5,20,19,19,17.5,17.5,23.5,23.5,23.5,22.5,22.5,21.5,20.5,20,19,19,17.5,17.5,23.5,23.5,23.5,22.5,22.5,21.5,20.5,20,19,19,17.5,17.5,23.5,23.5,23.5,22.5,22.5,21.5,20.5,20,19,19,17.5,17.5
Ch120,23.5,23.5,23.5,23.5,23.5,23.5,23.5,23.5,22.5,22.5,21.5,20.5,23.5,23.5,23.5,22.5,22.5,21.5,20.5,20,19,19,17.5,17.5,23.5,23.5,23.5,22.5,22.5,21.5,20.5,20,19,19,17.5,17.5,20.5,23.5,23.5,23.5,22.5,22.5,21.5,20.5,20,19,19,17.5,17.5,23.5,23.5,23.5,22.5,22.5,21.5,20.5,20,19,19,17.5,17.5,23.5,23.5,23.5,22.5,22.5,21.5,20.5,20,19,19,17.5,17.5,23.5,23.5,23.5,22.5,22.5,21.5,20.5,20,19,19,17.5,17.5,23.5,23.5,23.5,22.5,22.5,21.5,20.5,20,19,19,17.5,17.5,23.5,23.5,23.5,22.5,22.5,21.5,20.5,20,19,19,17.5,17.5,23.5,23.5,23.5,22.5,22.5,21.5,20.5,20,19,19,17.5,17.5,23.5,23.5,23.5,22.5,22.5,21.5,20.5,20,19,19,17.5,17.5,23.5,23.5,23.5,22.5,22.5,21.5,20.5,20,19,19,17.5,17.5
Ch124,23.5,23.5,23.5,23.5,23.5,23.5,23.5,23.5,22.5,22.5,21.5,20.5,23.5,23.5,23.5,22.5,22.5,21.5,20.5,20,19,19,17.5,17.5,23.5,23.5,23.5,22.5,22.5,21.5,20.5,20,19,19,17.5,17.5,20.5,23.5,23.5,23.5,22.5,22.5,21.5,20.5,20,19,19,17.5,17.5,23.5,23.5,23.5,22.5,22.5,21.5,20.5,20,19,19,17.5,17.5,23.5,23.5,23.5,22.5,22.5,21.5,20.5,20,19,19,17.5,17.5,23.5,23.5,23.5,22.5,22.5,21.5,20.5,20,19,19,17.5,17.5,23.5,23.5,23.5,22.5,22.5,21.5,20.5,20,19,19,17.5,17.5,23.5,23.5,23.5,22.5,22.5,21.5,20.5,20,19,19,17.5,17.5,23.5,23.5,23.5,22.5,22.5,21.5,20.5,20,19,19,17.5,17.5,23.5,23.5,23.5,22.5,22.5,21.5,20.5,20,19,19,17.5,17.5,23.5,23.5,23.5,22.5,22.5,21.5,20.5,20,19,19,17.5,17.5
Ch128,23.5,23.5,23.5,23.5,23.5,23.5,23.5,23.5,22.5,22.5,21.5,20.5,23.5,23.5,23.5,22.5,22.5,21.5,20.5,20,19,19,17.5,17.5,23.5,23.5,23.5,22.5,22.5,21.5,20.5,20,19,19,17.5,17.5,20.5,23.5,23.5,23.5,22.5,22.5,21.5,20.5,20,19,19,17.5,17.5,23.5,23.5,23.5,22.5,22.5,21.5,20.5,20,19,19,17.5,17.5,23.5,23.5,23.5,22.5,22.5,21.5,20.5,20,19,19,17.5,17.5,23.5,23.5,23.5,22.5,22.5,21.5,20.5,20,19,19,17.5,17.5,23.5,23.5,23.5,22.5,22.5,21.5,20.5,20,19,19,17.5,17.5,23.5,23.5,23.5,22.5,22.5,21.5,20.5,20,19,19,17.5,17.5,23.5,23.5,23.5,22.5,22.5,21.5,20.5,20,19,19,17.5,17.5,23.5,23.5,23.5,22.5,22.5,21.5,20.5,20,19,19,17.5,17.5,23.5,23.5,23.5,22.5,22.5,21.5,20.5,20,19,19,17.5,17.5
Ch132,23.5,23.5,23.5,23.5,23.5,23.5,23.5,23.5,22.5,22.5,21.5,20.5,23.5,23.5,23.5,22.5,22.5,21.5,20.5,20,19,19,17.5,17.5,23.5,23.5,23.5,22.5,22.5,21.5,20.5,20,19,19,17.5,17.5,20.5,23.5,23.5,23.5,22.5,22.5,21.5,20.5,20,19,19,17.5,17.5,23.5,23.5,23.5,22.5,22.5,21.5,20.5,20,19,19,17.5,17.5,23.5,23.5,23.5,22.5,22.5,21.5,20.5,20,19,19,17.5,17.5,23.5,23.5,23.5,22.5,22.5,21.5,20.5,20,19,19,17.5,17.5,23.5,23.5,23.5,22.5,22.5,21.5,20.5,20,19,19,17.5,17.5,23.5,23.5,23.5,22.5,22.5,21.5,20.5,20,19,19,17.5,17.5,23.5,23.5,23.5,22.5,22.5,21.5,20.5,20,19,19,17.5,17.5,23.5,23.5,23.5,22.5,22.5,21.5,20.5,20,19,19,17.5,17.5,23.5,23.5,23.5,22.5,22.5,21.5,20.5,20,19,19,17.5,17.5
Ch136,23.5,23.5,23.5,23.5,23.5,23.5,23.5,23.5,22.5,22.5,21.5,20.5,23.5,23.5,23.5,22.5,22.5,21.5,20.5,20,19,19,17.5,17.5,23.5,23.5,23.5,22.5,22.5,21.5,20.5,20,19,19,17.5,17.5,20.5,23.5,23.5,23.5,22.5,22.5,21.5,20.5,20,19,19,17.5,17.5,23.5,23.5,23.5,22.5,22.5,21.5,20.5,20,19,19,17.5,17.5,23.5,23.5,23.5,22.5,22.5,21.5,20.5,20,19,19,17.5,17.5,23.5,23.5,23.5,22.5,22.5,21.5,20.5,20,19,19,17.5,17.5,23.5,23.5,23.5,22.5,22.5,21.5,20.5,20,19,19,17.5,17.5,23.5,23.5,23.5,22.5,22.5,21.5,20.5,20,19,19,17.5,17.5,23.5,23.5,23.5,22.5,22.5,21.5,20.5,20,19,19,17.5,17.5,23.5,23.5,23.5,22.5,22.5,21.5,20.5,20,19,19,17.5,17.5,23.5,23.5,23.5,22.5,22.5,21.5,20.5,20,19,19,17.5,17.5
Ch140,23.5,23.5,23.5,23.5,23.5,23.5,23.5,23.5,22.5,22.5,21.5,20.5,23.5,23.5,23.5,22.5,22.5,21.5,20.5,20,19,19,17.5,17.5,23.5,23.5,23.5,22.5,22.5,21.5,20.5,20,19,19,17.5,17.5,20.5,23.5,23.5,23.5,22.5,22.5,21.5,20.5,20,19,19,17.5,17.5,23.5,23.5,23.5,22.5,22.5,21.5,20.5,20,19,19,17.5,17.5,23.5,23.5,23.5,22.5,22.5,21.5,20.5,20,19,19,17.5,17.5,23.5,23.5,23.5,22.5,22.5,21.5,20.5,20,19,19,17.5,17.5,23.5,23.5,23.5,22.5,22.5,21.5,20.5,20,19,19,17.5,17.5,23.5,23.5,23.5,22.5,22.5,21.5,20.5,20,19,19,17.5,17.5,23.5,23.5,23.5,22.5,22.5,21.5,20.5,20,19,19,17.5,17.5,23.5,23.5,23.5,22.5,22.5,21.5,20.5,20,19,19,17.5,17.5,23.5,23.5,23.5,22.5,22.5,21.5,20.5,20,19,19,17.5,17.5
Ch144,23.5,23.5,23.5,23.5,23.5,23.5,23.5,23.5,22.5,22.5,21.5,20.5,23.5,23.5,23.5,22.5,22.5,21.5,20.5,20,19,19,17.5,17.5,23.5,23.5,23.5,22.5,22.5,21.5,20.5,20,19,19,17.5,17.5,20.5,23.5,23.5,23.5,22.5,22.5,21.5,20.5,20,19,19,17.5,17.5,23.5,23.5,23.5,22.5,22.5,21.5,20.5,20,19,19,17.5,17.5,23.5,23.5,23.5,22.5,22.5,21.5,20.5,20,19,19,17.5,17.5,23.5,23.5,23.5,22.5,22.5,21.5,20.5,20,19,19,17.5,17.5,23.5,23.5,23.5,22.5,22.5,21.5,20.5,20,19,19,17.5,17.5,23.5,23.5,23.5,22.5,22.5,21.5,20.5,20,19,19,17.5,17.5,23.5,23.5,23.5,22.5,22.5,21.5,20.5,20,19,19,17.5,17.5,23.5,23.5,23.5,22.5,22.5,21.5,20.5,20,19,19,17.5,17.5,23.5,23.5,23.5,22.5,22.5,21.5,20.5,20,19,19,17.5,17.5
Ch149,23.5,23.5,23.5,23.5,23.5,23.5,23.5,23.5,22.5,22.5,21.5,20.5,23.5,23.5,23.5,22.5,22.5,21.5,20.5,20,19,19,17.5,17.5,23.5,23.5,23.5,22.5,22.5,21.5,20.5,20,19,19,17.5,17.5,20.5,23.5,23.5,23.5,22.5,22.5,21.5,20.5,20,19,19,17.5,17.5,23.5,23.5,23.5,22.5,22.5,21.5,20.5,20,19,19,17.5,17.5,23.5,23.5,23.5,22.5,22.5,21.5,20.5,20,19,19,17.5,17.5,23.5,23.5,23.5,22.5,22.5,21.5,20.5,20,19,19,17.5,17.5,23.5,23.5,23.5,22.5,22.5,21.5,20.5,20,19,19,17.5,17.5,23.5,23.5,23.5,22.5,22.5,21.5,20.5,20,19,19,17.5,17.5,23.5,23.5,23.5,22.5,22.5,21.5,20.5,20,19,19,17.5,17.5,23.5,23.5,23.5,22.5,22.5,21.5,20.5,20,19,19,17.5,17.5,23.5,23.5,23.5,22.5,22.5,21.5,20.5,20,19,19,17.5,17.5
Ch153,23.5,23.5,23.5,23.5,23.5,23.5,23.5,23.5,22.5,22.5,21.5,20.5,23.5,23.5,23.5,22.5,22.5,21.5,20.5,20,19,19,17.5,17.5,23.5,23.5,23.5,22.5,22.5,21.5,20.5,20,19,19,17.5,17.5,20.5,23.5,23.5,23.5,22.5,22.5,21.5,20.5,20,19,19,17.5,17.5,23.5,23.5,23.5,22.5,22.5,21.5,20.5,20,19,19,17.5,17.5,23.5,23.5,23.5,22.5,22.5,21.5,20.5,20,19,19,17.5,17.5,23.5,23.5,23.5,22.5,22.5,21.5,20.5,20,19,19,17.5,17.5,23.5,23.5,23.5,22.5,22.5,21.5,20.5,20,19,19,17.5,17.5,23.5,23.5,23.5,22.5,22.5,21.5,20.5,20,19,19,17.5,17.5,23.5,23.5,23.5,22.5,22.5,21.5,20.5,20,19,19,17.5,17.5,23.5,23.5,23.5,22.5,22.5,21.5,20.5,20,19,19,17.5,17.5,23.5,23.5,23.5,22.5,22.5,21.5,20.5,20,19,19,17.5,17.5
Ch157,23.5,23.5,23.5,23.5,23.5,23.5,23.5,23.5,22.5,22.5,21.5,20.5,23.5,23.5,23.5,22.5,22.5,21.5,20.5,20,19,19,17.5,17.5,23.5,23.5,23.5,22.5,22.5,21.5,20.5,20,19,19,17.5,17.5,20.5,23.5,23.5,23.5,22.5,22.5,21.5,20.5,20,19,19,17.5,17.5,23.5,23.5,23.5,22.5,22.5,21.5,20.5,20,19,19,17.5,17.5,23.5,23.5,23.5,22.5,22.5,21.5,20.5,20,19,19,17.5,17.5,23.5,23.5,23.5,22.5,22.5,21.5,20.5,20,19,19,17.5,17.5,23.5,23.5,23.5,22.5,22.5,21.5,20.5,20,19,19,17.5,17.5,23.5,23.5,23.5,22.5,22.5,21.5,20.5,20,19,19,17.5,17.5,23.5,23.5,23.5,22.5,22.5,21.5,20.5,20,19,19,17.5,17.5,23.5,23.5,23.5,22.5,22.5,21.5,20.5,20,19,19,17.5,17.5,23.5,23.5,23.5,22.5,22.5,21.5,20.5,20,19,19,17.5,17.5
Ch161,23.5,23.5,23.5,23.5,23.5,23.5,23.5,23.5,22.5,22.5,21.5,20.5,23.5,23.5,23.5,22.5,22.5,21.5,20.5,20,19,19,17.5,17.5,23.5,23.5,23.5,22.5,22.5,21.5,20.5,20,19,19,17.5,17.5,20.5,23.5,23.5,23.5,22.5,22.5,21.5,20.5,20,19,19,17.5,17.5,23.5,23.5,23.5,22.5,22.5,21.5,20.5,20,19,19,17.5,17.5,23.5,23.5,23.5,22.5,22.5,21.5,20.5,20,19,19,17.5,17.5,23.5,23.5,23.5,22.5,22.5,21.5,20.5,20,19,19,17.5,17.5,23.5,23.5,23.5,22.5,22.5,21.5,20.5,20,19,19,17.5,17.5,23.5,23.5,23.5,22.5,22.5,21.5,20.5,20,19,19,17.5,17.5,23.5,23.5,23.5,22.5,22.5,21.5,20.5,20,19,19,17.5,17.5,23.5,23.5,23.5,22.5,22.5,21.5,20.5,20,19,19,17.5,17.5,23.5,23.5,23.5,22.5,22.5,21.5,20.5,20,19,19,17.5,17.5
Ch165,23.5,23.5,23.5,23.5,23.5,23.5,23.5,23.5,22.5,22.5,21.5,20.5,23.5,23.5,23.5,22.5,22.5,21.5,20.5,20,19,19,17.5,17.5,23.5,23.5,23.5,22.5,22.5,21.5,20.5,20,19,19,17.5,17.5,20.5,23.5,23.5,23.5,22.5,22.5,21.5,20.5,20,19,19,17.5,17.5,23.5,23.5,23.5,22.5,22.5,21.5,20.5,20,19,19,17.5,17.5,23.5,23.5,23.5,22.5,22.5,21.5,20.5,20,19,19,17.5,17.5,23.5,23.5,23.5,22.5,22.5,21.5,20.5,20,19,19,17.5,17.5,23.5,23.5,23.5,22.5,22.5,21.5,20.5,20,19,19,17.5,17.5,23.5,23.5,23.5,22.5,22.5,21.5,20.5,20,19,19,17.5,17.5,23.5,23.5,23.5,22.5,22.5,21.5,20.5,20,19,19,17.5,17.5,23.5,23.5,23.5,22.5,22.5,21.5,20.5,20,19,19,17.5,17.5,23.5,23.5,23.5,22.5,22.5,21.5,20.5,20,19,19,17.5,17.5
Ch169,23.5,23.5,23.5,23.5,23.5,23.5,23.5,23.5,22.5,22.5,21.5,20.5,23.5,23.5,23.5,22.5,22.5,21.5,20.5,20,19,19,17.5,17.5,23.5,23.5,23.5,22.5,22.5,21.5,20.5,20,19,19,17.5,17.5,20.5,23.5,23.5,23.5,22.5,22.5,21.5,20.5,20,19,19,17.5,17.5,23.5,23.5,23.5,22.5,22.5,21.5,20.5,20,19,19,17.5,17.5,23.5,23.5,23.5,22.5,22.5,21.5,20.5,20,19,19,17.5,17.5,23.5,23.5,23.5,22.5,22.5,21.5,20.5,20,19,19,17.5,17.5,23.5,23.5,23.5,22.5,22.5,21.5,20.5,20,19,19,17.5,17.5,23.5,23.5,23.5,22.5,22.5,21.5,20.5,20,19,19,17.5,17.5,23.5,23.5,23.5,22.5,22.5,21.5,20.5,20,19,19,17.5,17.5,23.5,23.5,23.5,22.5,22.5,21.5,20.5,20,19,19,17.5,17.5,23.5,23.5,23.5,22.5,22.5,21.5,20.5,20,19,19,17.5,17.5
Ch173,23.5,23.5,23.5,23.5,23.5,23.5,23.5,23.5,22.5,22.5,21.5,20.5,23.5,23.5,23.5,22.5,22.5,21.5,20.5,20,19,19,17.5,17.5,23.5,23.5,23.5,22.5,22.5,21.5,20.5,20,19,19,17.5,17.5,20.5,23.5,23.5,23.5,22.5,22.5,21.5,20.5,20,19,19,17.5,17.5,23.5,23.5,23.5,22.5,22.5,21.5,20.5,20,19,19,17.5,17.5,23.5,23.5,23.5,22.5,22.5,21.5,20.5,20,19,19,17.5,17.5,23.5,23.5,23.5,22.5,22.5,21.5,20.5,20,19,19,17.5,17.5,23.5,23.5,23.5,22.5,22.5,21.5,20.5,20,19,19,17.5,17.5,23.5,23.5,23.5,22.5,22.5,21.5,20.5,20,19,19,17.5,17.5,23.5,23.5,23.5,22.5,22.5,21.5,20.5,20,19,19,17.5,17.5,23.5,23.5,23.5,22.5,22.5,21.5,20.5,20,19,19,17.5,17.5,23.5,23.5,23.5,22.5,22.5,21.5,20.5,20,19,19,17.5,17.5
Ch177,23.5,23.5,23.5,23.5,23.5,23.5,23.5,23.5,22.5,22.5,21.5,20.5,23.5,23.5,23.5,22.5,22.5,21.5,20.5,20,19,19,17.5,17.5,23.5,23.5,23.5,22.5,22.5,21.5,20.5,20,19,19,17.5,17.5,20.5,23.5,23.5,23.5,22.5,22.5,21.5,20.5,20,19,19,17.5,17.5,23.5,23.5,23.5,22.5,22.5,21.5,20.5,20,19,19,17.5,17.5,23.5,23.5,23.5,22.5,22.5,21.5,20.5,20,19,19,17.5,17.5,23.5,23.5,23.5,22.5,22.5,21.5,20.5,20,19,19,17.5,17.5,23.5,23.5,23.5,22.5,22.5,21.5,20.5,20,19,19,17.5,17.5,23.5,23.5,23.5,22.5,22.5,21.5,20.5,20,19,19,17.5,17.5,23.5,23.5,23.5,22.5,22.5,21.5,20.5,20,19,19,17.5,17.5,23.5,23.5,23.5,22.5,22.5,21.5,20.5,20,19,19,17.5,17.5,23.5,23.5,23.5,22.5,22.5,21.5,20.5,20,19,19,17.5,17.5
Ch181,23.5,23.5,23.5,23.5,23.5,23.5,23.5,23.5,22.5,22.5,21.5,20.5,23.5,23.5,23.5,22.5,22.5,21.5,20.5,20,19,19,17.5,17.5,23.5,23.5,23.5,22.5,22.5,21.5,20.5,20,19,19,17.5,17.5,20.5,23.5,23.5,23.5,22.5,22.5,21.5,20.5,20,19,19,17.5,17.5,23.5,23.5,23.5,22.5,22.5,21.5,20.5,20,19,19,17.5,17.5,23.5,23.5,23.5,22.5,22.5,21.5,20.5,20,19,19,17.5,17.5,23.5,23.5,23.5,22.5,22.5,21.5,20.5,20,19,19,17.5,17.5,23.5,23.5,23.5,22.5,22.5,21.5,20.5,20,19,19,17.5,17.5,23.5,23.5,23.5,22.5,22.5,21.5,20.5,20,19,19,17.5,17.5,23.5,23.5,23.5,22.5,22.5,21.5,20.5,20,19,19,17.5,17.5,23.5,23.5,23.5,22.5,22.5,21.5,20.5,20,19,19,17.5,17.5,23.5,23.5,23.5,22.5,22.5,21.5,20.5,20,19,19,17.5,17.5
